# .PCD v0.7 - Point Cloud Data file format
VERSION 0.7
FIELDS x y z
SIZE 4 4 4
TYPE F F F
COUNT 1 1 1
WIDTH 2615
HEIGHT 1
VIEWPOINT 0 0 0 1 0 0 0
POINTS 2615
DATA ascii
93.897102 111.757 180.05499
80.7966 105.616 176.326
87.674004 103.818 178.282
75.233498 109.765 173.256
75.461304 107.627 173.92101
77.275703 106.744 174.55701
83.047203 104.645 176.373
89.549004 102.773 178.27699
92.395203 101.113 178.65601
67.5271 108.858 170.47
70.6922 108.275 171.306
81.939003 105.264 174.55099
87.193802 103.07 176.295
94.1381 100.048 178.633
99.926903 98.0858 180.42101
100.716 96.144501 181.149
105.653 94.017197 182.806
75.322998 106.964 171.95399
78.197998 106.336 172.744
84.539703 104.382 174.653
89.536301 102.141 176.35899
96.403801 98.260101 178.93401
66.073601 108.096 168.95
69.370697 107.543 169.812
92.393997 100.484 176.746
99.496399 95.405296 179.72099
104.339 93.247597 181.373
77.214996 106.996 170.931
80.078201 106.37 171.72301
83.8032 105.09 172.888
88.578499 102.786 174.57201
97.810799 96.910103 178.23599
86.5093 104.238 173.011
90.915199 101.858 174.64
94.715698 99.357101 176.175
101.563 94.237099 179.116
111.649 91.373802 182.10201
63.391998 106.832 166.586
67.558296 106.481 167.584
104.02 92.530701 179.444
108.819 90.395699 181.09
63.483898 115.984 163.257
79.4459 106.904 169.314
82.061401 106.222 170.075
85.657097 104.915 171.22701
97.881302 97.5914 175.97301
62.160999 106.117 165.08299
88.005997 103.979 171.302
90.756302 102.49 172.327
94.785004 100.041 173.90199
101.52 94.883797 176.845
106.066 91.3694 178.839
81.430901 106.962 168.313
92.9673 101.535 172.381
96.752296 99.037102 173.92101
100.173 96.472504 175.40199
103.35 93.866402 176.841
108.5 89.6745 179.16499
115.092 88.071098 181.06
78.504601 108.241 166.599
84.148804 106.099 168.446
87.266899 104.682 169.533
116.872 87.079102 181.049
64.707603 106.08 163.48199
89.495796 103.718 169.59599
92.237602 102.232 170.623
106.021 92.009697 176.57401
110.309 88.461899 178.53101
112.829 87.021004 179.496
83.059898 106.727 166.617
94.331398 101.251 170.666
96.596001 99.663399 171.618
100.019 97.093803 173.10699
103.419 94.541801 174.58701
55.738098 105.783 160.142
77.401398 108.668 164.104
80.029297 107.978 164.882
86.349998 106.007 166.842
91.2145 103.727 168.57001
98.783997 98.719101 171.675
102.08 96.129204 173.14301
105.246 93.526604 174.58701
108.173 90.8815 175.991
114.413 85.757698 178.836
118.202 84.692101 179.976
89.798401 104.469 167.342
110.382 89.130096 176.291
59.072701 106.138 159.323
85.495903 106.69 165.047
94.629898 101.995 168.42101
79.0439 108.431 162.403
81.897697 107.797 163.22099
88.192902 105.83 165.189
92.698402 103.468 166.87
96.599403 100.985 168.45
98.8536 99.401199 169.40601
102.262 96.8358 170.899
105.427 94.229599 172.349
108.353 91.5812 173.75999
112.297 87.948799 175.677
114.051 86.299004 176.53999
117.039 83.725998 177.942
61.889198 106.374 158.42999
100.583 98.342697 169.397
103.979 95.785004 170.88901
121.616 81.415703 178.94
80.7976 108.429 161.37399
83.639702 107.797 162.194
87.339302 106.51 163.39301
91.967697 104.168 165.10201
95.874901 101.68 166.69
107.355 93.034897 171.73801
110.272 90.392899 173.147
116.058 85.155602 175.94099
119.143 82.619904 177.35699
123.482 80.4692 178.94701
51.149799 104.775 155.006
89.106598 105.426 163.395
99.751404 99.0019 167.629
103.154 96.437897 169.127
112.578 88.673203 173.467
53.6572 105.149 154.733
65.7798 106.654 157.05299
93.951202 102.943 164.495
97.730797 100.434 166.065
118.242 83.215302 175.61501
121.103 80.6278 176.99899
55.785801 105.435 154.405
69.6586 107.36 157.01401
82.558998 108.224 159.703
85.159599 107.537 160.49001
101.72 97.7976 167.02699
104.999 95.212799 168.508
106.887 93.5653 169.40601
110.135 91.007202 170.87199
114.392 87.469002 172.84599
116.247 85.851501 173.728
88.745003 106.019 161.035
90.510399 105.146 161.686
93.247803 103.652 162.735
97.034401 101.136 164.314
108.602 92.526703 169.40199
119.938 81.996399 174.98199
122.896 79.446198 176.381
125.356 78.042503 177.342
60.0116 106.002 153.75301
79.074799 109.17 157.22099
95.122101 102.61 162.759
98.893402 100.104 164.336
101.027 98.493401 165.283
111.854 89.768898 170.24001
117.733 84.565804 173.064
63.210201 106.543 153.60699
84.452003 108.053 158.063
86.5793 107.256 158.778
102.871 97.469101 165.302
104.989 95.870003 166.242
114.275 88.084 170.586
126.923 76.805298 176.694
49.681801 105.418 150.07899
65.534203 106.878 153.323
90.4963 105.822 159.383
108.481 93.149803 167.125
120.462 82.785103 172.828
122.886 80.078598 174.155
133.28999 75.110603 177.964
80.859703 108.969 155.556
92.4925 104.801 159.431
95.106903 103.28 160.467
99.102501 100.826 162.08701
106.94 94.675903 165.645
112.059 90.475601 168.019
116.3 86.941902 170.00301
118.149 85.326302 170.88901
129.606 75.057098 176.45
131.439 74.338898 177.07899
51.4529 105.4 149.021
85.5205 107.685 156.291
87.6437 106.888 157.00999
102.41 98.013397 162.95399
110.2 91.903297 166.493
122.251 81.596298 172.211
124.985 78.988297 173.584
126.699 77.369904 174.442
70.266197 107.361 152.117
82.626099 108.972 154.543
91.208702 105.371 157.564
96.979897 102.033 159.854
100.626 99.501701 161.42
106.139 95.333397 163.88499
113.657 89.206497 167.371
119.625 84.039001 170.224
57.4613 106.377 148.67799
93.773399 104.492 157.709
104.705 96.898399 162.41299
108.076 94.347397 163.923
116.071 87.523697 167.722
131.071 73.584099 175.172
79.337097 109.092 152.321
84.405899 108.982 153.54201
88.218102 107.712 154.79601
89.985298 106.834 155.459
110.419 92.617897 164.272
122.465 82.2967 170.01601
125.197 79.686203 171.395
127.812 77.0578 172.752
133.627 72.031303 175.536
51.966099 106.028 146.026
93.092697 105.213 155.94701
96.881302 102.684 157.55299
100.418 100.118 159.11
103.708 97.513298 160.621
107.197 94.9851 162.157
113.889 89.922096 165.16299
118.118 86.392403 167.15601
119.854 84.748398 168.02901
60.117802 106.363 147.125
94.865997 104.141 155.967
98.641197 101.621 157.571
102.277 99.091499 159.144
105.776 96.553101 160.688
109.141 94.003304 162.203
112.486 91.4711 163.707
115.701 88.9263 165.18401
124.169 81.087997 169.39799
126.999 78.514099 170.793
129.49899 75.861603 172.133
131.09801 74.2211 172.97301
135.092 70.783501 174.886
55.883301 106.514 145.35001
62.105801 106.618 146.797
80.693398 108.791 150.59599
85.748299 108.681 151.825
89.320702 107.358 153.04601
91.198799 106.508 153.731
121.778 83.5933 167.444
138.242 69.433502 175.341
118.247 87.076401 164.939
132.87801 73.0616 172.37
140.37801 68.621399 175.40601
54.6661 105.803 143.79601
60.908501 105.912 145.257
94.431198 104.713 153.60201
98.097801 102.159 155.19701
101.961 99.680702 156.81799
105.685 97.194199 158.407
109.161 94.6689 159.94701
112.397 92.102798 161.442
115.504 89.524597 162.91
124.295 81.764099 167.194
127.334 79.248703 168.62801
130.14799 76.686302 170.021
135.11301 71.414902 172.69099
144.40199 67.571602 175.991
81.338203 108.319 148.748
85.344704 107.961 149.80901
119.744 85.7938 164.289
121.689 84.211601 165.2
137.91499 68.686501 173.45399
142 66.597298 175.021
51.708099 106.962 141.291
56.567699 105.821 142.77901
63.764198 106.161 144.41499
90.089798 106.715 150.592
91.966499 105.866 151.28101
96.331001 103.467 153.005
99.9841 100.921 154.60001
103.501 98.364601 156.164
107.104 95.8564 157.73599
110.682 93.366699 159.295
114.017 90.8367 160.808
117.008 88.235199 162.258
126.093 80.5849 166.59399
129.12399 78.075302 168.02699
131.82401 75.488899 169.403
133.31 73.82 170.23
66.708298 106.645 144.26401
123.39 82.995102 164.582
136.595 69.958801 171.42999
59.344398 106.048 141.927
82.928497 108.076 147.06799
86.690804 107.663 148.09599
95.4347 104.132 151.203
99.208099 101.607 152.826
102.731 99.044601 154.397
106.228 96.501701 155.95799
109.703 93.976196 157.508
113.155 91.469101 159.047
119.56 86.389503 162.02299
139.507 67.272903 172.216
141.48599 65.787598 173.112
52.411201 106.485 139.39101
70.038498 107.013 143.52699
91.208801 106.367 148.85201
93.081497 105.518 149.545
97.436501 103.122 151.27499
101.083 100.577 152.87399
104.815 98.080803 154.481
108.299 95.545502 156.03799
111.759 93.028999 157.58299
114.98 90.4711 159.08299
117.05 88.9002 160.026
126.03 81.206902 164.366
128.957 78.662498 165.789
131.658 76.0718 167.172
135.133 72.4645 169.028
64.324097 106.797 141.474
121.505 85.236801 161.45399
123.338 83.625999 162.35201
137.37 70.824203 169.35899
53.313 107.635 137.823
62.637199 106.188 140.507
84.307602 107.784 145.362
88.059502 107.372 146.394
119.004 87.7397 159.459
127.953 80.0681 163.79601
130.76401 77.500198 165.202
133.457 74.915901 166.584
139.867 68.008003 170.086
143.59801 64.551003 171.965
146.66901 63.433998 173.03
70.2481 106.432 141.58099
93.019798 106.19 147.237
96.585999 103.59 148.839
100.8 101.181 150.547
104.645 98.707802 152.183
108.13 96.167999 153.74899
111.483 93.617302 155.285
114.815 91.083702 156.811
125.269 82.479797 161.783
135.39101 73.171799 166.871
98.581703 102.581 148.91299
118.159 88.367699 157.70599
121.342 85.839401 159.19701
139.39301 69.541397 168.196
141.53799 66.837303 169.48
52.259399 106.752 135.604
54.804298 105.978 136.45
68.089699 106.842 139.49001
75.814697 107.337 141.25999
86.4888 107.687 143.8
89.533501 107.109 144.714
95.060898 104.972 146.67599
103.257 100.095 150.063
106.863 97.573196 151.658
110.114 94.983803 153.18401
113.454 92.440804 154.72
116.774 89.915199 156.245
127.791 80.660004 161.552
130.604 78.088303 162.965
133.40199 75.530502 164.37
137.07201 71.990196 166.26601
142.836 64.925003 169.66299
145.47501 62.400398 171.02
49.661201 108.224 133.812
70.293198 107.153 139.226
79.278198 107.954 141.229
100.442 102.634 147.96001
120.427 87.2957 157.194
123.383 84.715202 158.647
125.315 83.136703 159.567
88.281998 107.705 142.823
94.280197 105.672 144.882
98.7407 103.3 146.65199
129.702 79.520599 160.983
132.505 76.955498 162.395
135.39799 74.435898 163.81799
139.541 70.210503 166.026
141.88901 67.5681 167.347
144.799 63.8563 169.105
147.02699 61.207699 170.39799
52.593498 106.19 133.634
57.260502 105.913 134.87601
73.957802 107.603 138.57201
91.237099 106.902 143.07899
96.406998 104.684 144.987
103.31 100.783 147.795
107.136 98.313698 149.438
110.386 95.720398 150.972
113.616 93.144203 152.495
116.718 90.555801 153.991
127.032 81.932297 158.967
137.33 72.696602 164.11
50.605701 109.174 131.571
76.140099 107.912 138.314
82.200798 108.027 139.799
101.334 102.238 146.2
105.064 99.7286 147.83299
115.336 92.113403 152.52499
118.536 89.561897 154.037
120.486 87.964104 154.96899
123.443 85.379601 156.429
141.224 69.040901 165.429
143.464 66.371902 166.733
55.170898 106.364 132.76199
61.787701 106.552 134.37199
90.350197 107.585 141.257
109.136 97.128304 148.884
112.482 94.571899 150.436
129.664 80.1492 158.76401
132.67599 77.641998 160.218
135.36 75.056801 161.612
138.916 71.488998 163.49699
145.16901 64.593102 166.98599
147.09399 61.844398 168.23399
149.114 59.137299 169.495
71.915398 133.582 128.67999
92.607101 106.616 141.39
95.9067 105.246 142.60201
97.762398 104.401 143.30499
100.577 102.934 144.422
122.437 86.808998 154.412
125.382 84.231903 155.871
127.202 82.625298 156.776
51.332901 108.703 129.672
80.267998 108.269 137.10699
83.593597 107.738 138.095
104.573 100.277 145.47099
108.281 97.781799 147.101
111.635 95.218697 148.661
115.182 92.733002 150.24899
118.492 90.205803 151.787
131.47701 78.984703 158.187
134.375 76.453201 159.623
137.155 73.905502 161.034
141.38901 69.716103 163.26801
143.73 67.0765 164.592
146.834 63.4338 166.38901
148.554 60.624298 167.604
50.3829 106.897 129.194
57.762501 106.332 131.22301
62.500702 106.084 132.492
90.456902 106.991 139.33
102.264 101.646 143.80901
121.605 87.4375 152.658
128.813 81.392197 156.16299
138.978 72.135201 161.311
93.625603 106.245 139.636
96.9189 104.876 140.854
98.659401 104.003 141.539
106.579 99.081902 144.91901
110.273 96.595299 146.548
113.722 94.069397 148.127
117.041 91.532097 149.675
120.124 88.953903 151.175
125.018 84.775703 153.57899
150.38699 58.689201 167.269
53.216999 110.78 127.36
53.973099 107.302 128.517
60.305199 106.502 130.354
66.237602 106.543 131.858
82.482002 108.173 135.55299
85.093903 107.475 136.412
101.504 102.339 142.02499
123.441 86.251297 152.08299
131.013 79.486603 155.89101
133.812 76.918999 157.31599
136.59599 74.366203 158.73399
143.00101 68.3116 162.049
145.23599 65.644699 163.35699
146.591 63.971199 164.16701
148.713 61.289299 165.452
62.308701 106.761 130.063
69.427299 107.086 131.795
91.820396 106.701 137.636
103.374 101.305 142.089
105.715 99.739899 143.121
109.415 97.246399 144.75999
112.872 94.713898 146.34599
126.527 83.504997 152.94701
128.44901 81.929298 153.877
140.69701 70.755997 160.10699
94.644096 105.874 137.88499
97.818604 104.479 139.086
99.556099 103.606 139.77299
107.575 98.7164 143.187
111.262 96.2314 144.82201
114.706 93.707001 146.405
116.779 92.120499 147.377
119.972 89.566498 148.90401
133.032 78.384102 155.353
135.82001 75.823898 156.778
138.59399 73.278198 158.196
148.15401 62.779999 163.556
150.17 60.070599 164.825
54.323299 110.397 125.538
56.9543 107.356 127.057
66.428101 107.308 129.513
74.077797 107.768 131.356
85.396896 108.248 134.14101
87.297203 107.384 134.869
102.74 102.031 140.32899
123.404 86.891701 149.841
130.485 80.822502 153.345
143.172 68.987701 159.88699
145.506 66.350502 161.218
151.565 58.209801 165.03
93.0867 106.389 135.931
104.835 101.056 140.442
118.968 91.013199 146.871
122.041 88.437401 148.377
126.707 84.203903 150.754
140.87399 71.437897 157.944
53.359699 111.124 123.615
55.652699 106.628 125.451
95.563904 105.48 136.118
98.958099 104.142 137.368
100.692 103.27 138.058
107.32 99.3255 140.867
111.011 96.834198 142.511
114.457 94.304901 144.105
125.458 85.770798 149.314
133.10699 79.045403 153.155
135.998 76.512604 154.603
138.67 73.931702 156.009
148.32899 63.4538 161.407
150.34599 60.741199 162.679
76.460999 107.706 129.82899
86.794296 107.962 132.44701
90.072998 107.434 133.446
103.867 101.696 138.618
109.175 98.303101 140.935
112.743 95.791397 142.556
118.246 91.684303 145.121
128.53799 83.0298 150.187
130.45399 81.4562 151.12
142.355 70.202499 157.32001
144.694 67.557503 158.658
147.024 64.925102 159.992
97.682999 105.59 135.231
102.453 103.299 137.10699
106.289 100.807 138.795
116.76 93.218002 143.62
120.168 90.715698 145.201
122.007 89.082901 146.13
134.813 77.853699 152.56799
137.593 75.296501 153.99899
140.257 72.721901 155.40401
152.75 57.734501 162.797
56.100101 107.463 123.123
73.868202 108.012 127.624
80.445198 108.237 129.284
92.217102 107.54 132.558
95.864403 106.244 133.87
100.877 104.001 135.80099
125.423 86.411301 147.073
132.16701 80.257797 150.534
149.839 62.0312 160.18201
151.951 59.3563 161.472
51.006001 112.033 119.788
62.992901 107.493 124.186
88.760201 107.814 130.866
105.321 101.444 136.968
109.357 99.022301 138.69501
112.814 96.477501 140.304
119.338 91.355698 143.42799
123.744 87.864799 145.54601
128.50301 83.6651 147.952
142.62801 70.912399 155.172
144.965 68.2658 156.515
147.093 65.565697 157.81599
154.302 56.554901 162.19
78.112198 108.599 127.132
82.400002 108.287 128.34801
114.539 95.434998 140.35001
116.612 93.841202 141.336
127.149 85.199097 146.48801
134.57001 78.418701 150.30901
137.558 75.9189 151.784
140.325 73.371498 153.213
50.411999 112.852 117.922
54.979698 108.852 120.229
58.449902 107.372 121.553
66.130096 107.807 123.463
80.400299 108.934 126.925
93.021797 107.115 130.75999
96.776604 105.848 132.101
98.631203 104.998 132.825
103.394 102.709 134.713
107.667 100.332 136.495
111.465 97.862099 138.17799
118.329 92.8078 141.382
121.514 90.249199 142.927
130.328 82.4916 147.388
132.133 80.889603 148.30499
144.105 69.677299 154.55099
146.53799 67.067703 155.912
148.761 64.405098 157.23
150.21001 62.7668 158.064
152.42101 60.122601 159.37601
61.344501 107.835 121.457
68.973701 108.263 123.362
90.958199 107.724 129.338
101.939 103.44 133.427
123.717 88.510399 143.3
136.589 77.3237 149.786
139.36099 74.768799 151.222
141.916 72.1651 152.61501
154.478 57.223099 160.049
156.282 54.465599 161.284
50.396099 111.048 116.929
53.773102 109.523 118.246
84.0513 108.058 126.7
106.16 100.83 134.564
110.301 98.438599 136.321
114.08 95.981499 138.00101
120.698 90.892303 141.157
126.811 85.753304 144.19299
133.853 79.696297 147.728
51.923901 112.557 116.18
81.354797 108.536 125.134
92.924599 106.471 128.786
96.683296 105.205 130.13699
98.652901 104.382 130.88699
117.446 93.231796 138.959
129.89 83.011299 145.08099
143.88499 70.235397 152.31799
146.32001 67.621201 153.68401
148.545 64.955002 155.009
151.73 61.3512 156.84599
153.935 58.712101 158.159
55.7659 108.184 117.664
64.790703 108.006 120.128
72.601501 108.487 122.087
90.627998 107.023 127.312
101.961 102.824 131.494
103.797 101.983 132.216
108.07 99.606796 134.00999
111.976 97.165901 135.724
115.42 94.629303 137.341
122.129 89.583 140.52
125.188 87.011101 142.043
128.229 84.456001 143.55701
133.056 80.314697 145.983
135.95 77.770302 147.455
138.82899 75.2407 148.918
141.592 72.694801 150.355
155.989 55.815399 158.83299
157.692 53.027802 160.052
75.997803 109.078 122.109
84.137604 108.784 124.375
87.208199 108.193 125.361
119.314 92.0327 138.40401
131.40401 81.75 144.464
56.687401 109.343 116.113
107.003 100.216 132.158
111.028 97.797203 133.90401
121.31 90.223602 138.744
124.373 87.646698 140.274
127.42 85.0849 141.795
134.457 79.028503 145.347
145.313 68.771797 151.075
147.64301 66.130203 152.42599
149.864 63.4678 153.752
151.311 61.8297 154.589
153.52 59.185398 155.908
52.9935 114.242 113.036
61.236 108.813 116.746
79.287003 109.438 121.451
91.673698 106.655 125.557
93.894203 105.879 126.368
97.420898 104.558 127.682
99.501701 103.765 128.461
114.957 95.173698 134.98399
118.381 92.650101 136.599
137.495 76.321899 146.22501
140.162 73.735802 147.65199
143.022 71.226303 149.11
155.97 56.417099 156.65601
157.771 53.660099 157.895
77.745697 110.204 120.101
88.374802 107.851 123.624
103.251 102.32 129.164
105.194 101.509 129.912
109.346 99.106499 131.694
113.026 96.609901 133.37199
116.68 94.133301 135.039
123.164 89.030403 138.189
126.111 86.430496 139.698
129.25301 83.906502 141.239
131.16901 82.325798 142.189
152.77299 60.611198 153.974
155.077 58.004501 155.31
58.051998 109.021 114.35
67.701103 109.893 116.734
82.674004 109.823 120.822
86.753899 108.579 122.271
120.356 91.480301 136.06799
134.12399 79.570602 143.06
145.192 69.358498 148.855
147.724 66.7771 150.248
149.94501 64.111801 151.57899
56.383598 110.713 112.697
80.330597 110.397 119.31
92.960602 106.347 123.857
95.175797 105.573 124.672
98.693497 104.253 125.991
100.656 103.433 126.749
108.184 99.691399 129.821
112.094 97.244904 131.554
132.79601 81.099503 141.60001
137.174 76.863098 143.94901
139.94701 74.303101 145.403
142.604 71.726402 146.82899
157.68201 55.078701 155.48
159.48 52.326302 156.72099
54.676201 110.112 111.654
56.2761 108.187 112.617
90.143097 107.657 122.02
116.134 94.655502 132.66901
119.551 92.133904 134.28999
122.627 89.5411 135.83701
125.79 86.995201 137.396
128.83 84.435699 138.924
135.74899 78.352303 142.474
152.674 61.194302 151.77699
154.88 58.5513 153.10001
52.045799 110.679 110.038
61.182999 109.112 112.97
71.007797 110.035 115.413
83.375702 110.701 118.623
86.1036 110.017 119.557
97.1007 105.634 123.766
105.019 101.942 126.943
106.845 101.103 127.672
110.874 98.674797 129.438
114.544 96.180801 131.123
118.08 93.677696 132.77499
121.377 91.135002 134.371
124.441 88.550201 135.91499
138.688 75.619499 143.343
146.64301 67.904701 147.625
149.17 65.328201 149.02
151.586 62.732399 150.38901
160.927 50.284801 156.34
64.684402 109.712 113.034
88.593597 110.403 119.422
91.930702 108.998 120.721
100.88 104.179 124.493
127.754 85.846802 136.87399
130.573 83.234497 138.35899
132.276 81.593903 139.274
134.96899 78.974899 140.728
141.713 72.932503 144.226
144.465 70.3927 145.674
154.25101 60.0159 151.189
156.451 57.377899 152.51199
157.785 55.722698 153.33
159.67999 53.001499 154.592
78.059196 111.264 115.566
94.086601 107.994 120.877
96.476997 106.382 121.974
102.661 103.109 124.57
137.808 76.205002 141.58099
50.319801 111.955 106.98
49.6465 109.496 107.462
54.739101 109.279 108.931
69.907097 110.504 112.794
87.608704 111.083 117.535
98.612503 105.388 122.127
106.508 101.7 125.312
110.65 99.294403 127.113
114.214 96.766197 128.785
117.535 94.199799 130.40199
120.838 91.650299 132.008
124.012 89.089798 133.582
126.852 86.455902 135.08299
129.677 83.837303 136.577
136.48599 77.724197 140.12199
146.541 68.4991 145.41
149.07001 65.918701 146.811
151.588 63.3512 148.205
90.476196 110.233 117.845
92.883797 108.609 118.954
108.71 100.754 125.478
112.396 98.242897 127.183
133.851 80.142097 138.05099
139.522 75.021896 141.01401
141.2 73.4086 141.918
144.158 70.927299 143.412
154.151 60.598202 148.99001
156.451 57.989399 150.336
159.306 54.3214 152.12399
161.198 51.604198 153.38699
162.23199 49.8596 154.14799
47.0648 112.186 104.518
48.753899 111.178 105.261
51.895599 109.583 106.568
57.715302 109.537 108.2
78.047401 111.979 113.196
82.459702 111.673 114.508
94.806801 107.549 119.064
103.213 103.937 122.383
105.047 103.091 123.124
115.999 95.528099 128.22301
119.419 92.998001 129.86099
122.709 90.456703 131.467
125.661 87.843399 132.998
128.493 85.216003 134.498
131.414 82.634499 136.011
148.028 67.271004 144.80299
59.756001 109.796 107.958
87.872299 110.525 115.61
98.604797 106.08 119.811
100.456 105.225 120.559
108.1 101.486 123.707
136.27499 78.302696 137.856
142.701 72.1689 141.313
150.707 64.530701 145.618
153.119 61.935902 146.994
50.761299 111.206 104.318
80.165497 112.059 112.32
92.808197 107.971 116.968
111.409 98.662201 124.698
114.752 96.076599 126.333
118.288 93.568802 128.004
121.587 91.020699 129.617
124.547 88.400398 131.15601
127.491 85.796097 132.685
130.41901 83.207901 134.205
133.332 80.6353 135.718
138.908 75.473297 138.677
145.61 69.4674 142.181
155.58501 59.156898 147.76601
157.978 56.586601 149.132
159.311 54.931301 149.953
161.30099 52.244999 151.23801
53.688099 109.355 104.894
83.087196 111.2 112.651
94.966202 106.969 117.134
141.632 72.687897 139.515
147.33099 67.676498 142.472
163.446 49.403999 151.942
61.1525 109.484 106.216
86.522202 109.584 113.335
88.771103 108.792 114.184
97.749001 105.249 117.671
99.718597 104.422 118.449
102.758 102.995 119.691
104.484 102.121 120.413
107.271 100.653 121.594
113.215 97.419701 124.143
116.763 94.900703 125.824
119.965 92.312698 127.426
123.04 89.712097 128.995
125.993 87.098297 130.533
128.92999 84.500198 132.063
137.44299 76.737503 136.56
144.75101 70.042999 140.429
150.019 64.931801 143.29401
152.436 62.331501 144.67799
52.433201 110.948 102.618
57.434299 109.79 104.343
64.169403 109.971 106.197
79.139503 111.197 110.096
92.7407 107.334 114.981
131.804 81.693199 132.94501
134.711 79.125702 134.46001
140.379 74.005501 137.44501
155.002 59.5798 145.47301
157.5 57.036598 146.86501
160.646 53.469002 148.71899
162.73199 50.819801 150.02299
83.479897 110.672 110.743
94.441101 106.22 115.049
101.518 102.267 118.122
111.301 97.803596 122.099
115.627 95.4785 123.953
119.269 93.000099 125.654
122.243 90.3638 127.208
125.093 87.714798 128.731
127.931 85.0802 130.245
136.35899 77.267601 134.743
142.995 71.192902 138.263
148.584 66.159103 141.20599
53.008202 112.037 100.993
59.405201 109.82 103.409
74.005699 111.828 107.015
80.901001 111.195 109.146
87.727997 109.251 111.611
89.8563 108.432 112.436
97.795898 104.639 115.716
99.541298 103.755 116.45
104.086 101.398 118.377
106.989 99.957802 119.591
108.7 99.092598 120.31
113.27 96.810997 122.224
133.828 79.723701 132.67599
139.30099 74.528801 135.633
146.108 68.5522 139.179
151.467 63.4832 142.069
153.978 60.920601 143.47501
164.27499 48.814602 149.666
50.7728 111.321 99.800301
65.516197 111.015 104.085
76.453499 112.188 106.886
93.587402 106.919 113.19
117.742 94.330299 123.468
120.94 91.742599 125.076
123.797 89.084198 126.607
126.536 86.410599 128.108
129.366 83.782204 129.62399
131.285 82.192902 130.599
137.879 76.018204 134.142
156.737 58.238602 144.31
159.03101 55.634998 145.66499
160.461 54.013401 146.50999
162.547 51.3605 147.819
53.257999 110.286 100.039
84.338203 110.252 108.932
95.969299 105.973 113.411
103.474 102.139 116.587
135.45799 78.498199 132.09801
140.916 73.316002 135.054
142.593 71.7024 135.967
148.08701 66.626602 138.90401
52.811401 113.662 98.253601
55.702999 110.632 99.899002
73.640099 112.47 104.546
82.1175 110.858 107.41
88.696503 108.861 109.834
90.820297 108.044 110.664
99.428299 104.422 114.105
101.167 103.54 114.841
105.475 101.129 116.725
107.927 99.575699 117.845
112.067 97.1716 119.68
116.172 94.789703 121.497
120.028 92.370102 123.254
132.819 80.931 129.99899
145.505 68.993103 136.849
150.873 63.912998 139.755
153.48801 61.3778 141.187
49.588699 116.431 95.838799
53.090698 111.209 98.250801
59.026001 111.179 99.964699
78.5289 112.049 105.338
94.790497 106.592 111.481
110.256 98.665298 118.058
114.157 96.213402 119.839
123.816 89.752602 124.354
126.553 87.075302 125.861
129.173 84.382698 127.338
134.588 79.100197 130.315
137.48399 76.542397 131.836
156.164 58.663101 142.01401
158.757 56.154202 143.43401
161.998 52.620899 145.31599
164.08099 49.9725 146.62801
165.21001 48.262501 147.411
47.6091 115.786 94.694504
54.5555 115.013 96.905998
50.274601 112.674 96.298698
57.812199 112.068 98.6353
84.016502 110.892 106.507
97.637604 105.764 111.812
118.746 93.767403 121.122
122.582 91.357803 122.875
125.75 88.7911 124.479
128.373 86.0914 125.961
140.537 73.8405 132.759
144.284 70.310097 134.789
147.03 67.770897 136.263
149.66299 65.2136 137.70799
62.4809 112.918 99.014702
70.356201 113.35 101.177
77.314003 112.698 103.364
86.2286 109.874 106.7
90.170403 108.597 108.183
92.520203 107.836 109.066
101.549 104.333 112.618
103.28 103.452 113.355
106.077 101.973 114.561
131.157 83.245499 126.841
132.65199 81.536003 127.732
136.242 77.884804 129.75
139.02699 75.302399 131.24899
152.355 62.477402 138.547
155.064 59.98 140
157.66299 57.463299 141.427
45.914001 116.386 92.542
43.874401 114.544 92.445099
80.943298 113.334 103.52
82.986504 112.469 104.345
96.473503 106.387 109.888
107.858 100.912 114.658
110.077 99.304398 115.733
113.543 96.731102 117.428
117.42 94.293503 119.206
121.053 91.817398 120.923
124.873 89.420303 122.674
143.33701 70.866302 133.007
146.09 68.320702 134.48801
148.82899 65.790298 135.961
160.12399 54.6991 142.211
161.748 53.145 143.10001
163.92999 50.526402 144.435
166.664 46.853699 146.21201
42.121498 113.947 91.3414
49.289101 113.21 93.623596
53.130798 112.682 94.883202
66.425598 113.398 98.5578
73.025002 113.547 100.437
82.209198 109.845 104.1
98.857002 105.447 110.121
128.202 86.703499 123.68
130.158 85.9701 124.445
135.27699 78.459 127.947
138.069 75.870102 129.453
141.83299 72.319099 131.5
45.570202 118.213 90.448402
55.464699 112.996 94.732498
76.093803 114.043 100.468
79.649597 112.62 101.886
87.356102 109.523 104.964
91.521797 108.303 106.505
93.749397 107.516 107.367
102.758 104.016 110.93
111.91 98.061203 115.195
115.364 95.495903 116.889
119.228 93.066299 118.668
122.849 90.5979 120.385
131.092 83.882698 124.587
134.168 80.061501 126.508
151.69299 62.887299 136.21899
154.507 60.417198 137.702
157.11 57.894798 139.136
43.776199 115.286 89.955002
69.726601 113.733 97.960297
82.470802 111.73 102.225
98.148399 106.179 108.295
104.437 102.918 111.008
106.673 101.298 112.095
126.297 87.899101 121.421
136.71899 77.179901 127.338
139.504 74.596802 128.84399
144.83 69.411201 131.789
147.47501 66.839699 133.25101
150.21001 64.313698 134.72701
159.67101 55.158901 139.944
163.205 51.7258 141.897
165.77 49.2477 143.31
167.09 47.607498 144.136
50.2393 112.787 91.763298
74.658897 113.3 98.788696
77.512604 111.709 100.051
84.166 109.688 102.544
100.408 105.212 108.505
110.337 98.542801 113.201
114.242 96.084602 115.003
117.791 93.560204 116.719
121.315 91.055099 118.423
124.496 88.479103 120.045
129.513 85.157204 122.405
141.25301 72.781601 129.157
47.678001 118.039 88.855103
45.5746 115.258 88.979202
44.049 113.523 88.994003
55.144501 112.291 92.587097
87.156097 110.191 102.564
92.9785 108.036 104.853
95.201103 107.249 105.717
102.95 103.444 109.013
108.293 99.987602 111.509
132.29201 82.310097 123.291
133.785 80.600502 124.188
135.96001 77.8134 125.572
138.439 75.131104 127.018
143.88 69.964699 129.99899
146.632 67.419098 131.489
149.27 64.8554 132.95
153.06599 61.413898 134.98599
155.776 58.916 136.451
158.375 56.398399 137.888
68.694099 112.873 95.681702
73.458801 112.608 97.158302
82.659103 111.153 100.261
98.2257 105.579 106.34
112.169 97.298302 112.665
115.733 94.761398 114.393
119.165 92.214699 116.086
122.682 89.715698 117.791
125.962 87.176201 119.436
128.214 85.658096 120.506
161.032 53.7001 138.71899
162.558 52.112202 139.593
165.03101 49.594501 140.995
167.957 45.990299 142.82001
48.033298 119.087 87.175102
51.694698 112.479 90.021797
79.964104 111.658 98.602501
100.488 104.612 106.554
104.695 102.155 108.454
107.153 100.592 109.599
131.31799 82.895203 121.469
142.237 71.162102 127.829
151.935 61.885399 133.172
154.653 59.3806 134.644
157.356 56.890499 136.108
168.76801 43.951698 142.936
47.429501 115.032 87.324501
45.522701 113.213 87.241997
58.343498 112.382 91.267799
84.903999 111.268 99.444801
88.861603 109.978 100.964
94.320702 107.742 103.179
96.308098 106.901 103.992
111.369 97.981201 110.837
114.94 95.437897 112.575
118.486 92.913696 114.3
121.794 90.349602 115.964
124.76 87.713997 117.547
134.77699 78.970398 122.849
137.05499 76.216904 124.259
139.53101 73.538597 125.708
144.965 68.381104 128.694
147.61301 65.807297 130.166
150.24899 63.247299 131.631
160.117 54.219501 136.965
47.021801 117.056 85.909103
67.657303 112.008 93.391296
76.411903 112.666 95.821404
82.339897 111.8 97.816101
99.0989 105.175 104.566
103.433 102.737 106.504
108.885 99.310799 109.039
127.671 84.871696 118.474
141.17799 71.690201 126.004
163.722 50.589901 138.33099
166.38699 48.144798 139.774
167.51401 46.435001 140.565
44.325001 113.923 85.182602
52.6366 112.056 88.158897
91.576599 108.881 100.621
112.977 96.678802 110.254
116.646 94.172096 112.015
120.075 91.625801 113.715
123.159 89.0093 115.332
131.2 82.227798 119.535
138.67101 74.135597 123.918
144.01401 68.933998 126.896
146.66701 66.354698 128.375
149.209 63.755901 129.82401
153.011 60.312 131.875
155.825 57.8447 133.371
158.62399 55.392399 134.85899
169.155 42.159401 141.52299
46.8601 117.993 84.0989
45.465 116.295 84.133698
42.5895 111.922 84.436203
60.147598 112.16 89.626198
79.637802 112.999 95.234596
84.231598 111.829 96.918999
86.7314 111.078 97.866699
95.654701 107.447 101.503
97.295303 106.522 102.239
101.645 104.073 104.192
105.509 101.533 106.023
107.965 99.970001 107.174
126.183 86.187401 116.29
129.235 83.603401 117.89
134.394 79.508598 120.521
136.88 76.813301 121.982
161.478 52.758598 135.73801
48.889198 120.541 83.273903
55.033401 112.173 87.342003
70.400902 112.011 91.9944
90.734703 109.598 98.737
100.308 104.852 102.869
111.734 97.244202 108.32
115.523 94.758797 110.118
119.393 92.323196 111.925
122.482 89.700699 113.548
142.46899 70.161003 124.737
157.799 55.948601 133.112
163.269 51.041801 136.05701
165.84 48.5578 137.489
168.767 44.952 139.32401
46.895699 119.905 82.087502
43.877499 116.925 81.970901
42.731499 115.273 82.065399
42.421501 112.863 82.611504
74.938698 112.849 92.398499
93.145699 108.639 98.994202
109.69 98.687599 106.615
125.51 86.872498 114.511
128.142 84.161598 116.022
132.714 80.741402 118.306
136.668 78.469002 120.099
139.86099 72.569397 122.625
145.19701 67.377098 125.609
147.847 64.801697 127.09
150.485 62.240601 128.564
152.14101 60.6506 129.485
154.86099 58.144402 130.96899
160.56 53.274899 133.97501
169.576 42.9105 139.44
164.474 37.66 139.298
56.7869 112.146 86.372803
64.171501 112.445 88.522598
77.995102 113.347 92.453499
81.834999 112.888 93.733597
87.110199 111.885 95.590599
88.8955 110.971 96.372902
97.552696 107.289 99.961601
99.301102 106.394 100.726
102.126 104.891 101.977
106.096 102.376 103.842
113.558 95.997704 107.785
118.314 93.783897 109.808
121.731 91.240799 111.513
124.593 88.567299 113.085
138.381 75.337502 120.755
141.714 70.782097 122.969
45.066601 120.491 79.866997
43.534901 118.765 79.861702
41.793598 116.049 80.0541
46.325001 111.902 82.5243
60.1138 112.688 86.487503
95.115799 108.702 98.134102
104.152 103.873 102.148
107.775 101.28 103.931
127.512 85.719902 114.027
130.02901 82.985497 115.513
135.287 78.923401 118.181
159.069 54.4492 131.86301
164.532 49.551899 134.814
167.293 47.1408 136.28799
168.42101 45.429798 137.082
40.319099 114.107 79.360901
40.397099 111.773 80.003304
43.936401 111.155 81.2416
80.876297 113.599 91.800201
83.866501 112.949 92.879402
93.540901 109.445 96.742203
109.184 99.246201 104.191
115.675 96.142303 106.98
132.131 81.228401 115.924
140.011 73.261002 120.424
144.427 67.771896 123.217
147.18401 65.223198 124.728
149.72501 62.6236 126.189
153.33 59.111599 128.21201
156.04601 56.609798 129.698
161.737 51.749901 132.71201
170.743 41.4002 138.185
43.2668 119.688 78.020103
41.4659 117.899 77.945602
58.001598 111.79 84.592102
65.987099 112.231 86.9049
87.6745 111.401 93.721397
89.808502 110.57 94.591599
98.337799 106.864 98.167297
100.197 105.997 98.962303
103.019 104.494 100.217
105.755 101.668 101.798
112.18 98.504997 104.59
118.155 94.421097 107.488
121.251 91.7845 109.128
124.223 89.134903 110.733
126.753 86.381599 112.231
129.38 83.672302 113.748
137.60899 75.753998 118.346
142.823 69.197197 121.667
157.86301 54.877701 130.032
163.63499 50.0695 133.06
166.40199 47.653 134.541
44.812901 122.141 77.084198
38.734299 114.746 77.1856
38.699402 110.968 78.173103
40.555901 109.969 79.003502
95.447701 108.165 96.226402
114.678 96.770302 105.105
134.987 78.198502 116.211
152.408 59.6516 126.428
155.13 57.144199 127.923
160.63499 52.2052 130.907
169.59801 43.921398 135.832
81.4468 113.112 89.9179
84.435097 112.463 91.003098
93.756203 108.879 94.801399
104.891 103.232 99.699303
107.574 101.717 100.92
111.064 99.110802 102.677
119.654 93.103699 106.89
122.742 90.473602 108.53
125.706 87.830399 110.135
128.231 85.083 111.633
132.037 80.565498 113.991
141.22501 71.704201 119.143
145.737 66.2547 121.962
148.286 63.645802 123.432
150.826 61.049801 124.894
170.416 41.880901 135.951
43.7327 119.158 76.024399
42.063999 117.394 75.9786
38.758301 112.912 76.147797
55.818001 110.659 81.9748
66.072601 111.623 84.866501
88.821404 111.054 91.993896
90.9506 110.224 92.865799
98.552597 106.297 96.235001
100.186 105.374 96.978302
103.008 103.872 98.240997
116.402 95.503502 104.558
130.60699 82.097099 112.454
139.13499 74.287003 117.132
142.467 69.728302 119.357
159.05299 53.349098 128.76801
164.71899 48.516102 131.782
167.67599 46.173599 133.30701
40.641102 114.525 75.535698
39.1651 110.429 76.1614
64.041702 110.947 83.676498
95.660698 107.597 94.284897
108.875 100.32 100.269
113.349 97.980003 102.262
118.444 93.664803 104.967
121.757 91.085999 106.666
124.513 88.376701 108.228
127.256 85.682404 109.782
134.263 77.345497 114.136
136.10001 76.600502 114.898
140.483 72.336098 117.371
144.592 66.746498 120.109
147.14799 64.130798 121.585
149.795 61.561298 123.076
153.504 58.079601 125.135
156.22301 55.576599 126.632
161.91901 50.714199 129.66701
169.36301 44.439499 133.61099
44.017799 117.395 75.056099
53.038101 109.601 79.891403
80.824203 112.347 87.737297
84.290398 111.81 88.947899
93.851303 108.283 92.826202
104.767 102.58 97.695702
107.564 101.093 98.950699
114.023 94.452599 102.692
129.84801 82.750999 110.656
132.04201 79.930901 112.076
137.87 74.766098 115.234
157.841 53.774399 126.926
163.621 48.9627 129.97701
166.489 46.5793 131.489
40.270199 112.605 74.396202
40.367599 108.853 75.414597
88.447197 110.345 89.889397
90.579201 109.515 90.767899
98.534897 105.672 94.240097
100.282 104.777 95.015404
103.33 103.333 96.340202
111.789 98.468697 100.235
120.047 92.374397 104.394
123.135 89.743698 106.041
125.993 87.069801 107.629
143.36501 68.074799 118.004
152.175 58.4841 123.254
155.002 56.0079 124.78
160.51601 51.0644 127.787
171.29601 41.310001 133.689
42.546299 114.305 73.890602
65.242203 110.592 81.905998
96.104897 107.086 92.398804
128.595 84.132202 108.511
135.90401 75.902397 112.944
140.189 71.602402 115.403
144.509 66.071899 118.199
146.965 63.4216 119.657
149.51401 60.817001 121.132
169.20799 43.718201 131.739
38.6614 109.457 73.196198
53.132198 108.984 77.819397
82.709503 112.167 86.179604
85.458801 111.464 87.218903
94.424301 107.802 90.969398
113.317 97.141197 99.6464
122.057 90.331902 104.154
125.028 87.681297 105.775
130.98199 81.147202 109.343
133.069 78.2995 110.74
137.166 73.912498 113.168
142.125 68.546402 116.121
157.681 53.062 125.029
164.718 47.412399 128.701
167.58299 45.0331 130.218
38.795399 111.638 71.899498
40.336498 108.202 73.282799
89.383499 109.95 88.114899
91.3974 109.093 88.967201
99.456398 105.28 92.480598
101.088 104.358 93.232201
105.299 101.887 95.194801
107.761 100.315 96.374901
111.697 97.821899 98.255898
127.853 84.799103 106.714
134.649 76.3955 111.04
151.91701 57.745399 121.322
154.649 55.233299 122.834
161.53 49.477901 126.491
34.641201 110.501 70.133102
37.498501 108.767 71.482498
96.805397 106.638 90.579498
109.779 99.309196 96.558296
117.262 94.276199 100.219
120.259 91.597702 101.859
123.564 89.025803 103.567
126.635 86.4114 105.213
139.711 70.812599 113.395
144.34599 65.373299 116.272
146.70399 62.687698 117.714
149.257 60.080799 119.195
163.53999 47.8312 126.875
166.509 45.480999 128.42101
170.024 42.076599 130.41299
171.44099 40.473099 131.276
84.130501 111.881 84.512901
86.520103 111.096 85.468201
95.238701 107.382 89.1745
104.292 102.541 93.282402
129.239 83.474297 106.102
130.745 81.7435 107.028
132.728 78.859802 108.405
138.304 72.323601 111.867
143.05299 66.900299 114.778
157.534 52.353298 123.131
160.537 49.971802 124.697
90.087196 109.499 86.280403
92.214401 108.67 87.165901
112.71 97.463799 96.543701
119.5 92.281403 100.035
122.702 89.673401 101.726
125.673 87.022102 103.354
135.789 74.801498 109.735
151.862 57.071701 119.433
155.869 53.704201 121.573
86.053802 111.92 83.651199
98.299202 106.386 88.959099
101.25 104.899 90.276604
102.876 103.978 91.030197
106.961 101.482 92.971603
109.638 99.968597 94.211502
114.707 96.4683 96.723801
116.906 94.865799 97.837402
121.473 91.302299 100.21
124.663 88.702301 101.896
132.442 80.514702 106.49
134.209 77.574699 107.817
137.05 72.807701 109.961
141.155 69.321602 112.166
145.373 63.760101 114.952
147.729 61.077702 116.396
150.27901 58.474998 117.882
163.396 47.118198 124.988
167.517 43.9016 127.129
169.231 42.394901 128.064
88.978203 111.059 84.071198
94.220001 108.741 86.333199
112.09 99.079399 94.507301
128.233 86.022202 103.023
129.847 84.315498 103.98
143.129 67.568298 112.558
154.75999 54.1744 119.737
158.748 50.826801 121.872
161.64799 48.416199 123.419
171.776 39.703201 128.899
92.641701 109.492 84.913902
97.500504 107.108 87.076202
119.508 93.837997 97.516701
135.96899 75.511803 107.523
139.353 71.786598 109.568
146.905 61.6661 114.607
149.46001 59.057499 116.097
153.183 55.568501 118.189
166.437 44.3461 125.321
82.764503 112.779 80.193199
87.105003 111.548 81.893799
99.556297 106.075 87.277603
102.386 104.562 88.572098
106.59 102.087 90.552696
110.759 99.635002 92.517899
114.672 97.148399 94.4105
121.548 92.001801 97.938301
124.737 89.397598 99.632004
127.589 86.720901 101.237
132.515 81.1987 104.244
134.492 78.317596 105.624
140.606 69.799202 109.791
144.83 64.226799 112.589
157.444 51.220501 119.993
160.453 48.837399 121.57
164.69701 45.633999 123.756
170.23399 40.815201 126.772
89.552498 110.575 82.196602
94.674896 108.231 84.439499
118.195 94.376801 95.545898
131.088 82.738098 102.689
138.198 72.298698 107.678
142.53999 66.733704 110.513
151.86 55.973801 116.289
154.59801 53.458801 117.818
163.229 46.171501 122.469
171.541 38.944801 127.002
92.398399 108.813 82.835701
97.8358 106.569 85.1577
103.931 103.207 87.9795
108.235 100.769 89.990097
112.391 98.326401 91.954597
116.185 95.817802 93.819801
137.095 73.910797 106.21
146.627 60.920502 112.641
149.187 58.3097 114.139
166.28799 43.623901 123.43
169.05701 41.2155 124.942
82.503998 112.096 78.084198
87.320702 110.977 79.918198
99.546501 105.451 85.271797
102.153 103.881 86.5149
106.698 101.491 88.5933
110.979 99.068298 90.595596
114.785 96.552002 92.469902
119.59 93.023697 94.927597
123.01 90.4664 96.6894
126.193 87.868599 98.386101
129.03999 85.196899 99.992302
133.746 79.622902 102.953
135.72099 76.7453 104.334
140.317 69.061203 107.807
144.444 63.449902 110.591
157.28 50.500099 118.075
160.194 48.081299 119.638
89.5336 109.95 80.163902
94.545097 107.578 82.3899
118.199 93.75 93.583199
121.629 91.185097 95.352402
124.821 88.579697 97.054802
130.51601 83.238297 100.274
138.217 71.658203 105.761
142.14799 65.9589 108.507
151.687 55.255699 114.355
154.429 52.739101 115.891
163.073 45.447498 120.564
92.4972 108.214 80.8377
97.363998 105.831 83.025101
103.583 102.495 85.894402
127.856 85.740799 98.065498
133.101 80.307404 101.167
137.052 74.551903 103.936
146.13901 60.1049 110.619
148.70399 57.491199 112.124
166.036 42.863098 121.508
168.81 40.453098 123.029
82.477997 111.466 76.0299
87.062599 110.294 77.813599
99.191498 104.739 83.172096
101.915 103.197 84.452499
106.354 100.778 86.513298
107.966 99.866501 87.269402
110.53 98.325798 88.498497
114.563 95.866096 90.439003
135.573 77.357697 102.031
139.91901 68.287598 105.791
143.64101 62.536598 108.486
156.91299 49.707699 116.104
160.03101 47.356602 117.722
89.161301 109.237 78.0327
94.526802 106.95 80.364098
112.201 97.2323 88.606796
118.308 93.150002 91.642998
121.631 90.554703 93.391502
124.933 87.978798 95.130501
131.74699 81.655098 98.977402
139.54401 70.119797 104.496
141.75301 65.180496 106.493
151.10699 54.3979 112.319
153.855 51.878601 113.863
162.716 44.650501 118.608
92.476303 107.584 78.8041
97.347504 105.201 81.0028
103.458 101.838 83.858704
116.074 94.531799 89.848297
129.196 84.182602 96.790199
134.224 78.696503 99.844902
138.17101 72.947098 102.617
143.44299 60.734402 107.497
145.134 59.116199 108.465
148.013 56.600498 110.052
165.88 42.133801 119.603
168.56 39.687099 121.107
171.132 37.218201 122.582
82.574799 110.864 74.003502
86.927902 109.637 75.737602
99.068604 104.083 81.127403
101.908 102.57 82.443199
106.575 100.209 84.574203
108.188 99.296898 85.334396
110.753 97.756203 86.568604
114.676 95.267197 88.490303
123.024 89.207298 92.776802
130.89101 82.285103 97.130997
136.908 75.815697 100.766
138.586 67.219101 103.539
156.649 48.9487 114.153
159.573 46.526798 115.731
89.0569 108.59 75.976601
94.428596 106.303 78.320801
118.449 92.560501 89.715202
126.311 86.425797 93.869003
128.147 84.767601 94.8964
133.608 79.391998 98.069901
140.36099 71.024597 102.44
142.278 63.394402 105.042
142.10899 61.168999 105.563
150.653 53.583099 110.315
153.709 51.164799 111.937
162.58099 43.933601 116.705
92.636101 107.004 76.830803
97.508797 104.621 79.041801
103.621 101.257 81.9105
112.328 96.4319 86.005798
116.131 93.9217 87.899902
121.98 89.813004 90.875702
132.30901 80.971901 96.542
139.01401 73.861504 100.574
140.132 63.7962 103.544
142.312 57.536201 105.877
144.44901 56.932201 106.732
146.55099 55.4562 107.802
165.575 41.3549 117.672
168.25999 38.905701 119.184
170.93201 36.470699 120.688
82.991798 110.344 72.081497
87.225403 109.089 73.794197
106.758 99.634903 82.641899
110.937 97.182503 84.646599
120.003 91.2509 89.152
125.488 87.083801 92.028
129.677 83.478798 94.333397
135.019 78.084297 97.480003
136.72501 76.423698 98.4683
137.73 66.303299 101.415
141.436 59.209 104.464
156.446 48.214699 112.228
159.47301 45.826698 113.837
80.315804 110.868 70.334702
89.820198 108.155 74.159599
95.184898 105.87 76.513702
99.918297 103.47 78.688904
102.756 101.957 80.011703
108.804 98.628601 82.861
115.398 94.629204 86.059998
123.847 88.600304 90.395798
141.48399 70.7295 100.809
139.709 66.707703 101.265
138.866 62.9585 101.956
139.175 59.566101 102.935
140.63499 56.5467 104.195
145.513 54.670898 106.283
149.625 52.575802 108.175
153.298 50.362301 109.954
163.644 42.358501 115.423
105.494 101.113 80.413803
114.389 96.353302 84.574501
117.629 93.699997 86.326897
128.091 86.090103 91.738098
132.86099 81.802803 94.417503
139.27499 75.466202 98.166
140.86501 73.785698 99.124397
147.425 53.785198 106.449
165.282 40.5788 115.742
167.873 38.092999 117.237
170.45399 35.619499 118.727
173.60201 33.377499 120.342
85.062798 110.213 70.601601
89.043602 108.905 72.253899
94.416496 106.612 74.6203
99.273201 104.232 76.837997
112.781 97.043602 83.154701
120.678 92.123802 87.0327
130.338 84.342102 92.2304
135.881 79.005203 95.439003
143.33099 70.872902 99.996902
142.291 67.087303 100.631
139.44299 64.885597 100.257
138.38901 61.0602 100.896
137.86 57.3866 101.668
144.735 56.148201 104.259
151.416 51.441002 107.68
157.513 46.627399 110.936
160.636 44.278999 112.573
162.48 42.7841 113.568
82.1586 110.68 68.786797
91.3955 107.915 72.558296
96.512802 105.576 74.856697
101.12 103.15 77.0084
103.951 101.638 78.3339
108.491 99.251404 80.452599
110.209 98.371002 81.249001
117.006 94.433998 84.514702
124.192 89.378998 88.196999
127.375 86.775703 89.922997
134.586 80.5812 93.907303
142.36 72.519897 98.5588
140.617 62.8638 100.471
139.04601 58.865799 100.981
140.194 55.7402 102.167
149.507 51.8731 106.247
152.67799 49.485401 107.913
105.668 100.536 78.4701
114.455 95.746803 82.620201
137.386 77.727699 94.873802
139.086 76.069801 95.864899
147.133 54.3293 104.136
149.964 53.9753 105.167
155.826 46.8899 108.938
159.261 44.639599 110.657
165.08099 39.834801 113.827
167.67599 37.345901 115.329
170.358 34.907101 116.847
173.22 32.555099 118.404
84.757103 109.52 68.4786
88.859802 108.241 70.174004
94.239304 105.948 72.5541
99.099899 103.568 74.784401
112.843 96.436096 81.194099
118.446 93.086601 83.921402
120.745 91.5158 85.089897
131.73801 82.807404 90.989502
133.664 81.191803 92.045998
144.399 69.266403 98.688797
144.745 67.212502 99.331902
144.022 63.5168 100.041
140.868 57.706699 100.487
138.87801 53.546501 100.895
145.168 53.451599 103.013
162.274 42.040001 111.644
81.000603 109.783 66.4198
90.617897 107.105 70.318001
95.979301 104.822 72.693703
103.545 100.912 76.224403
108.204 98.553497 78.385399
109.925 97.672096 79.185799
116.95 93.793404 82.528297
124.143 88.736504 86.227402
127.435 86.161598 87.988701
136.46201 78.328499 93.014198
141.95399 73.051102 96.204201
143.17799 59.547699 100.084
143.18401 52.565399 101.881
150.908 51.683201 104.686
152.146 48.634602 105.882
100.452 102.15 74.148102
130.688 83.387199 89.082603
140.245 74.480499 94.567902
137.30499 53.899101 98.871101
155.495 46.1036 106.959
158.73599 43.7812 108.64
164.96201 39.115898 111.922
167.561 36.6264 113.43
170.245 34.186699 114.955
172.82201 31.723 116.45
183.287 34.416302 119.26
83.703201 108.643 66.135002
87.7015 107.337 67.812401
93.447899 105.128 70.306396
98.437103 102.776 72.583702
104.774 99.472298 75.557297
112.1 95.611397 79.005302
120.239 90.746597 82.984596
133.605 80.537804 90.087502
144.186 69.849701 96.379303
145.996 65.659897 98.0616
146.035 63.5075 98.6269
145.52299 59.870602 99.389099
141.27499 51.479599 100.117
147.297 50.010601 102.514
149.11099 49.320599 103.3
161.94701 41.247299 109.678
79.572403 108.818 63.960999
89.932999 106.313 68.0886
95.422798 104.058 70.512604
103.116 100.176 74.0951
107.783 97.816597 76.270103
109.508 96.934799 77.075798
113.893 94.551102 79.161499
116.435 93.025002 80.407204
123.967 88.054199 84.214699
127.263 85.4785 85.984299
136.40401 77.671898 91.060097
139.31599 75.071297 92.705299
142.005 72.423103 94.289101
143.409 50.656898 100.343
152.989 46.951801 104.514
82.677498 107.98 64.478203
100.131 101.442 72.038902
121.763 89.426201 82.409698
130.73 82.763603 87.140404
134.992 79.213799 89.486099
147.60699 62.277599 98.078499
143.216 55.1842 98.415604
141.407 53.270302 98.296303
145.50999 48.954498 100.785
150.76601 47.262699 102.99
154.952 45.2402 104.92
158.5 43.023102 106.684
164.44 38.247601 109.911
167.045 35.7547 111.426
169.53999 33.239601 112.912
87.360298 106.627 65.664902
93.231201 104.447 68.207603
98.225502 102.096 70.497101
104.797 98.849602 73.550201
112.351 95.047997 77.076302
118.077 91.726196 79.861702
125.373 86.710197 83.611702
128.66299 84.1409 85.381203
137.89101 76.383797 90.485901
145.84399 68.422302 95.212402
147.00999 66.6287 96.065804
148.144 60.0667 98.128799
141.117 50.752701 98.138
157.12601 44.477901 105.156
161.019 40.236 107.557
78.855003 108.018 61.688202
89.358902 105.545 65.879799
102.455 99.376801 71.895103
107.02 96.9879 74.0532
108.75 96.105301 74.8647
116.135 92.312202 78.336998
120.247 89.905502 80.346397
124.002 87.43 82.251404
133.838 79.753899 87.549004
140.672 73.5373 91.454498
143.151 70.830002 92.985497
148.735 63.5033 96.753098
145.14799 55.3806 97.615097
169.213 31.3673 111.911
82.204697 107.238 62.278702
127.383 84.664398 83.395103
130.662 82.105698 85.163002
136.638 76.885101 88.526497
144.922 68.999298 93.355499
143.95399 53.449001 97.001404
144.317 47.871899 98.550301
148.772 45.8983 100.567
150.892 45.322701 101.435
153.896 44.194302 102.744
159.036 41.237301 105.245
163.418 37.192902 107.768
166.326 34.806702 109.366
86.6586 105.827 63.410301
92.543999 103.648 65.971603
94.557999 102.795 66.875397
97.780296 101.353 68.3405
99.542702 100.453 69.170502
104.364 98.107002 71.411003
111.818 94.275002 74.928398
113.532 93.401802 75.734802
117.558 90.950798 77.731697
135.22301 78.427399 86.945999
139.843 74.157303 89.610397
148.558 65.172302 94.871399
149.62601 59.8923 96.584602
147.483 55.7113 96.9216
142.48399 49.219398 96.876602
146.543 47.0923 98.8022
161.256 38.342602 106.047
167.937 31.7244 110.013
78.276604 107.251 59.4501
88.683296 104.752 63.6409
102.38 98.728798 69.853699
107.062 96.369102 72.054497
108.792 95.486702 72.870003
116.072 91.663696 76.330803
120.078 89.226196 78.32
123.946 86.7798 80.264801
128.908 83.3629 82.830902
132.285 80.841904 84.627701
138.246 75.634399 87.990402
142.636 71.325699 90.588799
150.231 63.333 95.220398
146.006 53.689499 96.238602
152.255 43.167099 101.056
155.93401 40.9809 102.871
163.17101 40.109299 105.564
165.521 39.665798 106.478
167.158 38.1091 107.436
162.89301 35.247002 106.709
164.94 33.836899 107.767
81.299202 106.393 59.962299
127.458 84.051498 81.454201
130.632 81.460602 83.2015
134 78.950203 84.994301
146.30499 67.487198 92.127403
147.881 65.822403 93.091301
151.66499 60.124901 95.838501
148.448 45.110699 98.564903
157.72501 40.091 103.019
164.901 37.0564 106.248
86.735603 105.222 61.385799
92.974098 103.13 64.058403
95.102898 102.307 64.998299
98.322601 100.866 66.470703
100.2 99.994102 67.335403
118.527 90.586601 76.019501
122.405 88.129097 77.977203
126.147 85.661697 79.888603
141.565 72.738899 88.469498
144.248 70.095497 90.0634
150.661 56.107899 95.8256
143.87399 50.339401 94.967201
151.23801 42.358601 99.525703
160.994 38.871601 103.761
79.315697 106.872 57.676701
89.821701 104.406 61.9184
104.058 98.533997 68.308601
105.798 97.643799 69.133301
108.836 96.206902 70.544502
110.672 95.355301 71.392799
113.456 93.874901 72.7267
115.275 93.0326 73.5662
130.49899 83.186302 81.308296
132.539 81.591202 82.415802
136.897 78.074799 84.8088
138.705 76.438797 85.847504
150.295 64.865402 92.778801
151.75999 63.178001 93.711899
147.55299 53.5438 94.7164
153.45399 41.604198 99.783897
161.23599 35.259399 104.075
164.36301 32.940102 105.74
167.49899 32.811501 106.853
82.809097 106.13 58.327599
147.061 68.379501 90.077301
153.189 59.972099 94.3274
149.81 54.079399 94.661201
145.739 50.5242 94.161003
146.577 47.300098 95.270897
150.164 43.720001 97.417099
156.95399 40.443501 100.591
159.64101 40.1031 101.604
160.577 36.965401 102.725
159.638 34.444698 103.042
87.047203 104.671 59.422501
93.4002 102.61 62.1409
95.528603 101.787 63.085201
98.747498 100.347 64.564301
100.623 99.4757 65.434196
117.797 91.084297 73.5009
122.009 88.7099 75.559998
125.756 86.236 77.483902
129.367 83.752403 79.362
133.963 80.272797 81.8349
135.886 78.6576 82.9095
141.70599 73.443398 86.245598
144.38901 70.796303 87.844498
149.414 65.447899 90.940697
153.202 56.297501 94.574402
151.951 54.577599 94.579498
158.008 32.305199 102.33
166.543 33.297401 105.029
77.935699 105.912 55.213402
81.697998 105.443 56.635502
88.8358 103.537 59.591599
103.341 97.721497 66.093201
105.313 96.889397 66.987297
108.355 95.452599 68.405502
110.194 94.600601 69.258904
113.318 93.208801 70.694397
115.027 92.3368 71.5075
119.482 90.0084 73.642998
140.112 74.918098 84.619904
152.84 61.582901 92.414902
148.315 50.950802 93.545898
148.605 46.233898 94.842598
152.058 41.744202 97.178902
159.40401 37.390099 100.829
92.436401 101.952 60.506802
94.571297 101.128 61.456299
123.456 87.368797 74.977997
127.193 84.902702 76.900902
130.797 82.426003 78.780296
132.83701 80.8302 79.892899
148.349 66.841103 88.828598
150.903 64.195 90.386299
154.16701 58.343201 93.003403
146.836 48.910301 92.849602
149.987 44.297501 95.115097
158.166 40.200001 98.993698
158.47701 35.5163 100.29
80.700798 104.781 54.968498
85.573402 103.682 56.943699
97.5522 99.414597 62.194199
99.549698 98.571999 63.102798
117.329 90.324799 71.3825
121.549 87.949203 73.453796
125.517 85.535202 75.447197
129.132 83.050697 77.335403
135.976 78.045601 80.986
139.104 75.492302 82.721802
143.00101 71.894096 84.9897
145.577 69.219398 86.564201
152.16299 62.2234 90.6306
154.617 56.111198 93.032997
153.657 40.5457 96.643402
158.74001 33.199799 100.274
168.207 31.9361 103.89
76.777702 105.001 52.795502
87.595901 102.6 57.179401
102.381 96.842499 63.796902
104.245 95.980499 64.665398
107.409 94.572403 66.126404
109.255 93.719704 66.986298
112.275 92.297897 68.399803
114.1 91.455399 69.250603
141.58099 72.547699 83.627197
147.147 67.327698 86.891602
149.911 64.7407 88.510902
150.45799 51.009201 92.177902
148.41901 46.811001 92.530403
152.049 41.061401 95.252602
160.043 39.1171 98.534599
79.678299 104.111 53.284199
84.326698 102.954 55.201698
91.080299 100.981 58.063801
93.222504 100.157 59.022499
132.272 80.026299 77.775299
144.35899 69.710503 84.6129
154.285 59.022202 90.789902
149.185 49.0397 91.529999
151.37399 42.789001 93.876999
160.698 36.950901 98.616096
164.403 33.528702 100.778
75.618103 104.298 51.062
96.551598 98.526901 59.862301
98.555 97.683998 60.777302
116.501 89.462502 69.148697
118.201 88.599098 69.962799
120.731 87.085701 71.2332
124.819 84.700203 73.269501
128.658 82.275101 75.2286
135.51401 77.266502 78.899002
138.64799 74.710899 80.643997
152.239 61.593601 88.725998
155.90601 55.8825 91.455704
153.192 51.4935 91.612396
155.87 40.651798 95.291801
161.155 40.368099 97.216698
161.533 33.541698 99.074799
169.00101 32.8461 101.87
78.2845 103.348 51.484402
86.559898 101.71 54.806702
101.621 96.0103 61.541199
103.489 95.148598 62.415798
106.662 93.739799 63.8876
108.512 92.8871 64.753502
111.652 91.494499 66.207703
113.37 90.621902 67.032799
141.752 71.953201 81.724701
147.218 66.698997 84.973198
149.882 64.077904 86.571098
149.726 46.585201 90.934799
153.146 40.768398 93.605103
166.66901 33.911701 100.091
83.3992 102.089 52.8507
90.054199 100.088 55.700298
92.320297 99.294296 56.7005
122.271 85.763496 70.6698
126.132 83.3246 72.6455
132.119 79.339302 75.760803
136.91299 75.942703 78.307701
144.427 69.082001 82.686996
155.841 57.5825 89.610802
150.864 43.244598 91.473801
161.879 36.697498 97.008003
164.409 34.147202 98.5429
77.126801 102.639 49.7463
95.542099 97.631699 57.514198
97.551201 96.789101 58.437
115.884 88.655899 66.963799
120.234 86.307899 69.093102
124.438 83.952301 71.172401
128.284 81.526001 73.142899
135.46899 76.608803 76.920502
138.606 74.052002 78.674103
152.312 60.9604 86.815002
156.65601 54.172798 90.061501
155.799 51.713501 90.3778
150.99001 48.7598 89.423897
162.011 38.691502 95.855202
81.895302 101.292 51.019199
84.680901 100.605 52.1782
89.050499 99.411003 54.026901
100.509 95.084 59.174999
102.499 94.251297 60.089699
105.568 92.811996 61.5387
107.424 91.958702 62.410999
110.575 90.566002 63.877701
112.411 89.722298 64.740601
141.504 71.227699 79.701698
147.183 66.034698 83.021301
149.74699 63.379299 84.597801
154.94701 58.143101 87.758202
149.765 44.602798 89.333199
154.645 40.617699 92.065804
160.868 41.531601 94.039001
163.438 35.5061 96.467201
166.37601 34.4188 97.781403
75.595596 101.839 47.893501
90.822502 98.2771 54.195202
131.855 78.617996 73.709396
144.491 68.450798 80.753403
151.519 41.474602 90.036201
80.864502 100.611 49.3181
83.659103 99.924202 50.484798
88.040901 98.730598 52.3456
94.289101 96.672401 55.0853
96.305801 95.829399 56.016102
115.039 87.783699 64.705299
116.86 86.9496 65.563202
119.622 85.496002 66.911499
123.836 83.138702 69.004204
127.906 80.773102 71.047699
135.209 75.884697 74.875
138.561 73.390198 76.695396
152.27901 60.2911 84.871201
156.759 54.8423 87.8349
157.461 41.166401 91.523598
161.811 39.2421 93.555298
99.739098 94.243599 56.8974
101.734 93.410698 57.818699
105.039 92.031303 59.3442
107.012 91.208504 60.254101
110.393 89.876801 61.796001
112.231 89.0336 62.662701
121.408 84.451797 67.087997
125.607 82.104202 69.1754
141.463 70.565201 77.730698
147.045 65.336502 81.035301
149.715 62.712101 82.646896
154.92 57.472599 85.819901
157.57899 51.43 88.286903
153.603 48.759201 87.538902
149.455 45.133301 86.970802
160.672 42.086399 91.737701
163.043 35.98 94.116997
91.092697 97.707001 52.198502
130.509 79.778999 70.793999
132.877 78.2742 72.018204
137.46001 74.814796 74.525002
140.48399 72.2332 76.255302
143.285 69.602997 77.917
146.17599 67.0214 79.598999
148.849 64.389 81.214699
151.50999 61.7719 82.8237
154.05901 59.135601 84.397003
152.44501 42.436501 88.011299
162.541 41.225601 91.925598
81.019897 100.008 47.264801
84.054604 99.382896 48.509899
88.672997 98.250702 50.4491
94.917099 96.194199 53.203201
97.048103 95.381897 54.170399
116.65 87.587799 63.1525
118.354 86.724503 63.980202
134.72701 77.289299 72.214699
157.097 56.459301 85.457199
158.151 54.649502 86.289001
151.345 47.5313 85.634903
163.694 39.242001 92.139397
100.364 93.767799 55.025002
102.472 92.965797 55.9842
105.888 91.617996 57.548401
107.857 90.796501 58.462799
111.235 89.465401 60.009102
113.072 88.622498 60.880501
120.983 85.023201 64.625999
125.188 82.668404 66.726303
129.142 80.274002 68.7472
136.537 75.421204 72.620903
139.77699 72.896599 74.416901
142.686 70.293297 76.114502
145.47701 67.673401 77.774399
153.37199 59.771099 82.591003
150.84399 43.6171 85.729897
166.07001 39.8773 92.138397
80.116402 99.356102 45.593498
83.038696 98.701797 46.810299
87.3144 97.479698 48.655701
89.837402 96.7463 49.747799
93.815102 95.4842 51.497501
115.616 86.874901 61.505699
133.159 77.712997 70.1175
148.145 64.815102 78.744904
150.71001 62.158298 80.332802
156.11099 56.9879 83.573402
159.06799 51.050701 86.124603
153.57899 47.8526 84.947998
152.323 41.7108 86.033302
164.44501 42.531601 90.194298
78.389397 98.711502 44.375099
95.5793 94.3601 51.669701
99.2799 93.055 53.332199
104.934 90.935699 55.904701
110.184 88.751503 58.345402
119.962 84.306999 62.9884
158.136 53.9804 84.357597
166.41901 43.014 90.090302
81.415199 97.865501 44.922798
86.187202 96.765099 46.924801
88.836601 96.062401 48.059898
92.826302 94.800102 49.819401
124.38 81.793503 64.490402
126.06 80.946999 65.310204
128.668 79.491096 66.616699
136.078 74.635399 70.512901
139.32401 72.108597 72.319199
142.44701 69.567596 74.0839
145.34599 66.9786 75.780296
153.25 59.070702 80.6175
148.584 43.4664 82.827599
77.475304 98.052902 42.690498
98.072701 92.308701 51.597099
103.747 90.188599 54.1842
109.24 88.064903 56.708302
114.446 85.907204 59.136299
116.274 85.072899 60.006699
132.265 76.801498 67.873398
148.01601 64.1175 76.755096
150.685 61.4921 78.379303
155.688 56.183399 81.518997
152.40401 41.054001 84.104797
156.04601 41.030102 85.432701
168.675 43.373299 89.429298
79.7817 97.023903 43.025101
84.694 95.955399 45.077301
87.3545 95.252998 46.219398
91.478699 94.021202 48.027599
99.822601 91.193298 51.7677
118.806 83.335701 60.630901
120.506 82.480103 61.462898
123.365 81.071404 62.854099
157.61501 53.136799 82.278397
159.146 50.184601 83.571198
154.87399 47.3993 82.7117
150.289 42.282902 82.321503
75.826797 97.209297 40.7784
93.489799 92.956703 48.276798
105.002 88.740097 53.525002
108.294 87.377296 55.0644
113.18 85.124496 57.4072
127.762 78.5793 64.354301
135.40601 73.783096 68.336098
138.765 71.286102 70.183197
141.78999 68.710503 71.928001
144.8 66.1511 73.662804
152.82201 58.267799 78.552101
78.395302 96.243301 41.197102
86.354599 94.566498 44.522301
90.371803 93.304802 46.305599
96.612396 91.278801 49.089298
102.541 89.219803 51.7691
110.021 86.283501 55.232899
131.48399 75.921402 65.656799
147.483 63.289001 74.647797
150.158 60.660801 76.280403
155.47501 55.447899 79.520897
151.13699 43.4491 80.922997
154.028 40.945599 82.603699
160.078 41.786301 84.604698
74.305199 96.396599 38.901699
82.942596 94.863297 42.446301
92.393799 92.2407 46.560799
98.493599 90.195099 49.3036
107.358 86.6912 53.422699
117.551 82.335197 58.239601
119.479 81.541702 59.142601
122.566 80.195503 60.608898
124.366 79.379402 61.470699
158.491 51.464298 80.915398
159.04601 49.480499 81.612198
162.58299 42.455299 84.6558
77.493896 95.583603 39.5103
103.812 87.772102 51.115501
112.132 84.186897 55.0611
114.083 83.383698 55.977501
126.762 77.639397 62.059799
128.438 76.800697 62.883202
134.856 72.9674 66.193497
138.43401 70.533096 68.111603
141.569 67.987999 69.895103
144.478 65.394203 71.607597
152.412 57.4702 76.489998
155.48 46.709801 80.291397
82.052299 94.203697 40.769699
84.852402 93.533699 41.965401
89.006798 92.303001 43.8009
95.506699 90.3395 46.680199
101.455 88.2817 49.380299
108.846 85.314102 52.837299
130.817 75.073601 63.466999
147.16499 62.5289 72.598396
149.63901 59.831299 74.1791
154.866 54.578602 77.406998
157.313 51.921299 78.967697
152.84801 42.046398 79.7761
159.80701 42.3204 82.269501
72.254204 95.230301 36.1413
75.1166 94.5485 37.365799
105.945 85.6558 50.9454
111.09 83.463898 53.387901
116.068 81.266502 55.7691
118.116 80.504097 56.714001
121.216 79.157097 58.191799
123.132 78.3731 59.0938
158.847 48.740299 79.620697
162.51401 43.058701 82.382797
80.550903 93.385902 38.899399
83.242104 92.685501 40.068699
87.4151 91.454597 41.9161
93.707497 89.429497 44.7444
99.684196 87.370903 47.4655
125.645 76.661598 59.720299
127.436 75.854401 60.583199
134.302 72.147202 64.040398
137.88699 69.711601 65.970596
141.134 67.196503 67.793198
144.049 64.600502 69.515198
151.896 56.634499 74.391098
157.181 50.121498 77.959702
89.212898 90.324402 42.106098
95.600998 88.341797 44.965599
101.44 86.262901 47.644699
104.882 84.930199 49.251301
110.043 82.737396 51.7075
130.037 74.188698 61.234501
146.636 61.697601 70.480904
149.32201 59.064098 72.128502
154.55701 53.807098 75.371101
155.172 45.698799 77.606796
152.464 42.549999 77.383102
69.561096 93.898003 33.166698
73.1866 93.405403 34.6353
79.527603 92.688499 37.168301
107.078 83.957703 49.564201
112.328 81.8078 52.046501
115.692 80.5084 53.619202
117.633 79.714699 54.536201
120.849 78.400101 56.055401
122.769 77.615601 56.963402
158.543 47.9618 77.592903
154.58099 41.747299 77.658401
82.211998 91.767998 37.636398
86.756203 90.632797 39.609299
93.417603 88.702499 42.567001
99.751198 86.7397 45.41
126.6 76.291801 57.9921
132.552 73.178596 60.978001
136.364 70.796501 62.986
139.726 68.303497 64.853897
142.755 65.730202 66.619003
145.76801 63.173302 68.372101
148.55901 60.565601 70.056999
151.134 57.905201 71.673798
153.69901 55.259201 73.282303
156.153 52.5923 74.856499
157.51801 50.875702 75.788902
78.186096 91.911499 35.348202
88.954697 89.6092 39.935799
95.585899 87.690697 42.8848
101.43 85.612503 45.5793
105.103 84.343803 47.263401
110.717 82.279099 49.869099
128.517 75.309402 58.233299
131.231 73.897797 59.595699
154.17999 44.676201 75.379097
157.258 42.245098 77.1287
67.944199 92.840401 30.535101
70.964104 92.192001 31.824499
80.665802 90.937798 35.763401
85.468803 89.865997 37.8237
92.269897 87.968201 40.835999
98.507599 85.973198 43.6609
115.725 79.872902 51.607601
117.666 79.079498 52.529598
120.995 77.7967 54.091
122.915 77.012802 55.002201
134.541 71.1362 60.8027
138.23399 68.732903 62.776001
141.483 66.216698 64.612602
144.39999 63.619099 66.344498
147.095 60.9706 68.006897
149.78101 58.335999 69.660698
152.25 55.647999 71.248199
155.118 53.111599 72.946198
157.591 46.960499 75.390198
155.278 42.636902 75.591599
66.324997 92.213799 29.319599
76.865402 91.141502 33.535999
87.312599 88.746696 38.0424
93.972702 86.827797 41.011501
100.189 84.843697 43.832001
103.759 83.543297 45.4907
109.393 81.477402 48.1119
125.571 75.344002 55.689999
156.073 49.715801 73.443703
69.865997 91.479401 30.0662
78.619904 89.9758 33.726002
83.448799 88.904404 35.803299
90.522499 87.070198 38.9133
97.020897 85.139 41.830299
114.417 79.068199 49.861698
119.816 77.023697 52.394901
129.783 72.816498 57.174801
131.561 72.018097 58.0396
155.405 45.7519 73.470497
159.052 42.207802 75.7127
73.934402 89.951302 31.2111
85.660202 87.877602 36.1367
92.348396 85.959 39.1273
102.176 82.673599 43.637501
107.947 80.639 46.310001
121.539 75.963997 52.5788
133.745 70.244904 58.583
137.554 67.871803 60.6026
140.81 65.352997 62.447399
143.73399 62.751801 64.189201
146.435 60.099701 65.858803
149.022 57.428101 67.491302
151.498 54.735298 69.086502
154.271 52.160801 70.764
67.884598 90.538002 28.023001
77.295197 89.1978 31.9044
82.260902 88.159897 34.033298
89.3573 86.326302 37.162399
95.523903 84.2994 39.988499
113.1 78.259003 48.105701
118.629 76.245903 50.688099
123.984 74.226303 53.205101
125.894 73.451202 54.116501
154.819 48.615101 71.140701
155.11301 43.879799 72.416199
155.98199 41.984699 73.210999
84.719002 87.194801 34.446098
91.304802 85.245499 37.4156
97.331497 83.1968 40.198101
101.044 81.927101 41.914299
106.719 79.859802 44.568699
128.42799 71.759201 54.769699
130.213 70.960098 55.641602
153.29201 51.384201 69.180901
73.587997 89.209999 28.978399
112 77.509499 46.410999
117.546 75.495796 49.007801
122.917 73.475899 51.538898
132.50999 69.2155 56.2216
136.54601 66.905403 58.3181
139.916 64.416603 60.206299
142.847 61.811699 61.956799
145.453 59.120701 63.605099
147.841 56.375599 65.184402
150.222 53.6437 66.758301
154.828 46.852699 70.170502
76.200104 88.258003 29.436501
81.059402 87.190102 31.5446
83.635902 86.471901 32.6996
87.820503 85.262199 34.5863
90.122704 84.490402 35.649799
93.895699 83.202499 37.398998
96.168098 82.441803 38.448299
99.6605 81.106903 40.1036
105.356 79.039001 42.7743
153.186 49.582001 68.170097
155.093 44.5173 70.136902
156.136 41.360298 71.308296
72.321098 88.430496 27.111
107.004 77.908501 42.901199
110.648 76.673103 44.591999
116.328 74.693001 47.241199
121.72 72.672897 49.788502
126.831 70.612701 52.240601
128.625 69.813698 53.120399
131.45599 68.445 54.5345
135.612 66.166801 56.676102
145.55 57.375 62.615501
147.94099 54.631302 64.199203
150.222 51.865898 65.744301
151.709 50.1656 66.727898
153.467 47.243099 68.113899
74.808998 87.432999 27.4958
79.568703 86.335197 29.583
82.279198 85.650299 30.7852
86.482002 84.442299 32.686199
88.913803 83.703598 33.797199
92.701897 82.416801 35.558601
94.865799 81.624199 36.577999
98.490402 80.322403 38.282101
100.628 79.540398 39.289299
104.209 78.255798 40.971901
138.80299 63.386299 57.8255
141.64101 60.743599 59.556198
144.258 58.0481 61.215199
146.65601 55.2981 62.804401
148.73599 52.4562 64.293297
71.288696 87.699898 25.275499
108.954 75.725998 42.627899
114.889 73.8134 45.369598
120.417 71.8274 47.971802
125.771 69.834198 50.509899
134.692 65.420898 55.005001
150.22099 49.190601 64.920403
152.399 46.4039 66.436096
154.77699 43.701199 68.0075
156.63699 40.828499 69.423698
73.167 86.540802 25.468901
77.582199 85.347504 27.455601
80.065598 84.597801 28.592699
84.294899 83.391296 30.5117
86.742104 82.653603 31.631599
90.554398 81.367401 33.4105
92.850899 80.607498 34.477402
96.496597 79.306297 36.194801
98.648102 78.523697 37.2122
102.366 77.273102 38.945499
104.49 76.501297 39.949902
129.784 67.242897 51.923302
131.463 66.419296 52.769699
137.68401 62.570801 56.0989
140.532 59.924999 57.838402
143.368 57.295101 59.570599
145.66901 54.5065 61.134602
147.44299 51.555302 62.537102
107.025 74.708504 40.584
109.13 73.946999 41.579201
112.769 72.730499 43.278099
114.961 72.012398 44.297001
118.667 70.845901 46.008301
124.27 68.920502 48.635201
133.66499 64.6408 53.297199
149.03999 48.317902 63.200001
76.5765 84.617599 25.635799
79.068199 83.869003 26.780899
83.070099 82.598297 28.635
85.406601 81.8283 29.724501
89.115997 80.509804 31.478001
91.185097 79.684196 32.478699
94.849098 78.384102 34.2103
97.011101 77.602097 35.235001
100.749 76.351898 36.982899
102.883 75.580704 37.995602
128.632 66.428101 50.166
136.776 61.821999 54.433102
143.38499 55.5051 58.523899
144.577 53.678799 59.428902
147.46899 49.766102 61.498299
151.571 45.4118 64.144699
154.265 42.813599 65.817497
120.312 69.521698 45.435001
125.903 67.608299 48.064301
130.77699 65.517403 50.4604
139.983 59.055 55.597301
148.86301 46.456699 62.103001
156.423 42.016102 66.109596
75.323997 83.820396 23.731501
77.826599 83.072701 24.8848
84.07 81.000397 27.812099
87.915604 79.716103 29.617399
90.232101 78.957603 30.7013
94.028099 77.691597 32.481899
96.196999 76.910301 33.512901
106.367 73.826897 38.210499
108.594 73.099899 39.251598
112.472 71.953102 41.035999
114.783 71.269699 42.098701
118.497 70.105904 43.8223
124.113 68.183899 46.4697
133.853 64.010902 51.265598
138.60201 60.607399 53.935799
146.321 50.241901 59.4529
153.468 44.275902 63.678799
99.369698 75.265999 34.3601
101.632 74.529297 35.419102
128.81599 65.796402 48.119301
136.866 61.1595 52.377602
142.577 55.8778 55.883999
144.573 52.9799 57.364601
146.358 46.457802 59.643799
151.26801 44.599998 62.005001
155.81799 42.656502 64.247398
86.467201 78.862198 27.702499
88.6726 78.071098 28.7551
92.366898 76.771599 30.510799
104.649 72.875298 36.246498
110.671 70.968597 39.056801
116.615 69.089104 41.831799
122.484 67.235497 44.5714
132.487 63.1292 49.468399
139.20599 58.118401 53.305901
144.371 49.1217 57.504002
97.615097 74.320297 32.399399
127.196 64.851501 46.257801
135.71001 60.346199 50.678101
141.334 55.021198 54.1684
143.02 52.010601 55.557201
144.91499 45.507401 57.875702
90.9459 75.927299 28.645399
104.941 71.135201 35.288502
114.945 68.143402 39.931198
138.276 57.371101 51.680599
149.862 43.427898 59.597198
152.423 42.991901 60.705898
86.637001 76.836998 25.974199
140.408 54.267601 52.5462
142.09801 51.2519 53.9394
143.892 44.698399 56.229698
