# .PCD v0.7 - Point Cloud Data file format
VERSION 0.7
FIELDS x y z
SIZE 4 4 4
TYPE F F F
COUNT 1 1 1
WIDTH 2615
HEIGHT 1
VIEWPOINT 0 0 0 1 0 0 0
POINTS 2615
DATA ascii
44.063499 69.288597 152.30099
50.888901 80.378304 159.627
46.677399 79.090302 153.714
56.034901 78.954903 165.02
55.068901 80.802399 164.17
53.794399 80.833702 162.48199
50.0214 80.288696 157.336
45.967201 79.228104 151.69299
44.5149 79.511902 148.72501
60.9473 83.023399 170.244
59.1003 82.208 167.60201
52.160599 80.1661 157.91901
48.605499 79.927902 153.147
43.859402 79.724197 146.802
40.125 79.047897 141.688
38.9501 80.477303 140.464
35.5839 80.313202 135.96001
56.881401 81.417099 163.355
55.162701 80.7658 160.925
51.1432 79.847702 155.386
47.698502 79.761497 150.80099
42.645802 80.371399 144.24699
62.735901 84.3022 170.653
60.827202 83.403999 167.92
46.235298 80.038101 147.827
40.582901 81.637299 140.715
37.246498 81.541199 136.27699
57.259602 80.552101 161.422
55.542702 79.905197 159.00301
53.124001 79.485603 155.71001
49.760799 79.551598 151.27901
42.695499 80.970299 142.265
52.0583 79.0951 153.10699
48.851601 79.386597 148.94
45.908501 80.045601 145.20399
40.361401 81.790703 138.28
34.0467 80.108398 129.55499
65.639801 86.543503 171.61301
63.3578 85.092201 168.272
39.073101 82.283096 135.606
35.7593 82.184998 131.21201
69.894798 78.168404 174.185
58.075901 79.6418 158.951
56.458099 79.150299 156.709
54.0886 78.8106 153.50999
44.8904 80.2752 141.72701
67.349899 87.684998 171.858
53.168499 78.648804 151.159
51.159801 78.833298 148.55901
48.113098 79.348198 144.66499
42.595699 81.1754 137.821
38.860199 82.439201 133.19099
58.407398 78.7146 156.957
50.299801 78.747597 146.31
47.355801 79.410004 142.591
44.5732 80.2882 139.133
41.9011 81.307602 135.85001
37.5816 82.930702 130.53999
33.541199 81.5877 124.928
61.094101 78.779099 159.38901
57.326801 78.328796 154.343
55.153099 78.292099 151.48199
32.871899 81.718498 123.008
68.0597 86.588501 169.14799
54.278801 78.206398 149.217
52.270599 78.392799 146.62601
41.087799 81.830498 132.733
37.4631 83.2342 128.295
35.5877 83.473602 125.89
59.467899 78.189499 154.911
51.454498 78.380302 144.46201
49.652401 78.861198 142.209
46.861198 79.743202 138.75
44.087799 80.618797 135.314
73.963303 90.636902 175.508
63.841499 78.813202 159.66299
62.202702 78.323997 157.41299
58.139702 77.430901 151.90199
54.710098 77.438004 147.42
48.798801 78.774902 139.985
46.063702 79.729202 136.618
43.390701 80.750397 133.34801
40.824501 81.911499 130.24899
35.557598 83.918999 123.806
33.168499 83.278397 120.539
56.401001 77.349197 148.51401
39.633202 82.550201 127.757
73.740601 88.866096 172.55299
60.1819 77.142303 152.30499
53.568401 77.530701 143.763
64.902 78.284302 157.603
63.1623 77.648399 155.198
59.100101 76.762901 149.713
55.816299 76.996696 145.48599
52.801102 77.596497 141.688
50.999802 78.0793 139.446
48.209599 78.963799 136.002
45.5299 79.988899 132.73399
42.9576 81.153702 129.63699
39.466702 82.780403 125.442
37.900799 83.5354 123.566
35.326302 84.6054 120.445
73.732597 87.423401 169.964
50.335999 78.291801 137.54201
47.5518 79.1744 134.11099
32.669601 84.746696 115.95
65.324699 77.509804 155.771
63.5872 76.877602 153.377
61.143101 76.476402 150.114
57.796799 76.639198 145.80099
54.771301 77.242104 141.998
45.355099 80.225601 130.403
42.7878 81.388496 127.316
37.695702 83.692299 121.194
35.082401 84.687302 118.011
31.9625 84.7995 113.981
80.105202 93.4048 177.25999
60.454899 76.695198 148.17101
52.3437 78.014999 137.925
49.550598 78.900703 134.48801
41.551998 81.957199 124.761
79.627602 91.984596 175.19701
73.852501 85.469002 166.32001
57.597198 76.880203 143.412
54.625301 77.555496 139.703
37.0783 84.498299 118.435
34.5592 85.635803 115.41
79.308403 90.804497 173.401
72.768997 83.164497 163.31
66.323502 76.900902 153.634
64.685501 76.421402 151.411
52.146 78.243202 135.55901
49.404999 79.2006 132.213
47.763699 79.8965 130.23599
45.049801 80.842598 126.922
41.4198 82.251297 122.52
39.807899 82.933998 120.578
62.8643 76.264099 147.92999
61.591202 76.307899 146.293
59.562599 76.503601 143.71001
56.5798 77.182404 139.995
47.103001 80.097298 128.354
36.993401 84.8563 116.284
34.433899 85.918602 113.197
32.586201 86.149902 110.856
78.676903 88.463097 169.834
69.865997 77.489304 156.144
58.825298 76.639099 141.701
55.850498 77.3162 138.002
54.0919 77.874397 135.84801
44.953999 81.208298 124.744
39.8097 83.441803 118.567
77.884903 86.597397 167.297
67.257103 76.206703 151.409
65.82 76.028099 149.51801
53.370602 78.007301 133.87
51.624599 78.5616 131.73199
43.662498 81.696999 122.115
32.5527 86.579399 108.802
85.283302 93.347198 177.117
77.470497 85.290001 165.37
63.850201 75.652702 145.811
49.362999 79.536903 127.95
38.958099 83.871696 115.442
36.6133 85.302902 112.719
29.1595 85.401901 103.134
70.852898 76.867996 153.99001
63.054699 75.7183 143.715
61.073299 75.990402 141.22099
57.994301 76.524803 137.368
51.429298 78.788399 129.38699
47.070499 80.433601 124.117
43.436798 81.845001 119.733
41.8237 82.528603 117.798
31.727501 86.999802 105.727
30.474001 86.874603 104.089
85.726097 92.578598 175.254
68.5467 76.040901 149.758
67.107803 75.863403 147.87199
55.794102 77.662598 133.698
49.266102 79.909599 125.768
38.8321 84.162804 113.23
36.359699 85.372902 110.3
34.814499 86.116402 108.469
77.1922 82.794403 161.15401
71.256401 76.083603 152.155
65.284698 75.713699 144.412
60.9105 76.297997 138.91499
57.9813 77.051498 135.308
53.419201 78.500504 129.74699
47.0238 80.878502 122.023
41.828701 83.042297 115.795
84.298302 89.108002 170.44901
64.238701 75.408897 141.925
55.4482 77.671303 131.11301
52.655102 78.558998 127.712
45.729599 81.368103 119.402
32.2896 87.672096 103.451
74.389702 77.339203 154.24699
71.6455 75.288399 150.315
69.117401 74.824203 146.98199
67.832001 74.872597 145.345
51.380199 79.121803 125.132
40.920898 83.390404 112.601
38.443199 84.603798 109.674
36.020901 85.883102 106.831
30.9555 87.983902 100.768
88.465897 91.726097 174.073
66.200302 75.0121 142.20799
63.189499 75.702698 138.495
60.299301 76.533897 134.964
57.5243 77.505096 131.61
54.672699 78.322502 128.12801
49.121201 80.084 121.38
45.4837 81.497803 117.012
43.9142 82.255402 115.157
84.931702 87.945297 167.67101
65.494102 75.217903 140.271
62.491001 75.906601 136.57201
59.558701 76.662598 132.97701
56.696098 77.4851 129.485
53.900799 78.374298 126.091
51.124001 79.256699 122.719
48.411098 80.205101 119.442
40.820099 83.736198 110.453
38.301498 84.874702 107.463
35.927898 86.224297 104.701
34.432999 87.037201 102.953
30.9543 88.466499 98.794701
87.942299 89.588898 170.72701
84.652901 86.853996 165.981
75.553802 76.991096 152.395
72.806503 74.945396 148.478
70.377403 74.632103 145.315
69.040703 74.607697 143.603
43.720299 82.458702 112.855
29.3752 88.342102 95.722
47.6166 80.7761 116.441
34.300598 87.305901 100.765
28.546301 88.158897 93.599197
89.696297 90.719498 170.94501
86.388298 87.971603 166.189
67.929199 74.836098 140.082
64.963997 75.602203 136.45799
61.9226 76.215103 132.707
58.952999 76.895203 129.061
56.1021 77.715302 125.592
53.363998 78.674797 122.295
50.689499 79.699799 119.093
42.9417 83.023102 109.885
40.328201 84.019798 106.755
37.817902 85.1549 103.783
33.095299 87.8395 98.301003
26.608999 87.3908 89.952904
77.034302 77.099098 151.035
74.741096 75.724098 147.84801
47.601898 81.276299 114.426
45.939201 81.889198 112.432
31.160801 89.115303 95.058998
28.150101 89.280998 91.262604
93.1231 90.889 173.089
90.063202 89.863998 169
86.322098 86.501701 163.589
72.368896 74.827797 143.576
71.027802 74.803802 141.867
67.742897 75.131897 137.759
64.782799 75.896103 134.14999
61.893501 76.727303 130.64101
58.975399 77.4786 127.083
56.079399 78.223396 123.549
53.297699 79.107697 120.188
50.673401 80.2033 117.069
42.798901 83.302101 107.675
40.1894 84.297096 104.554
37.727402 85.502403 101.663
36.276402 86.388397 99.993103
85.607697 84.797096 161.242
45.837898 82.243103 110.283
33.637901 88.489197 96.022499
90.029503 88.447899 166.45399
78.089897 76.598701 149.024
75.897903 75.377602 146.00999
69.802803 74.877403 138.188
66.781799 75.571404 134.495
63.8829 76.4058 130.98199
61.003399 77.233299 127.495
58.144001 78.054298 124.03
55.304298 78.868599 120.589
49.867802 80.767998 114.068
31.653099 89.680496 92.713501
30.0065 90.190903 90.725403
94.633003 90.976097 171.66
85.3097 83.017998 158.32401
73.615196 74.623199 141.901
72.272202 74.599998 140.19701
68.985298 74.930199 136.10001
66.023102 75.696198 132.498
63.033798 76.382301 128.847
60.163399 77.208603 125.373
57.3134 78.027802 121.923
54.576599 78.986099 118.643
52.845901 79.535896 116.559
44.994801 82.718498 107.237
42.423 83.789497 104.187
39.953701 84.998199 101.295
36.6702 86.802696 97.487999
88.9972 85.622902 162.39
49.652699 80.960297 111.754
48.034199 81.646896 109.839
35.4552 87.329597 95.027802
95.9739 89.5158 170.843
90.3573 86.8759 163.245
79.231201 76.232002 147.16299
77.0373 75.014503 144.16
52.6255 79.731499 114.235
44.789902 82.908096 104.948
42.267101 84.0494 101.98
39.8018 85.255997 99.097801
33.639999 88.815399 91.996597
30.2729 90.374496 88.041702
28.1733 90.086899 85.335899
87.004601 83.409302 157.255
74.549103 73.969803 139.752
71.602898 74.819504 136.19701
68.378799 75.221703 132.207
65.329201 75.838799 128.479
62.4496 76.6688 125.005
59.638 77.564903 121.629
56.844799 78.4543 118.274
47.824501 81.8396 107.54
38.710098 86.005798 96.8368
70.7845 74.875099 134.11501
54.618401 79.488998 114.622
51.905899 80.437103 111.384
35.759201 87.593102 92.395798
33.542801 89.140999 89.8955
98.280998 90.716797 170.629
96.593803 90.341499 168.437
89.698502 83.920403 158.552
85.685204 80.193901 152.802
80.009903 75.348198 144.75101
78.127502 74.582199 142.239
74.288597 74.179703 137.33299
67.933098 75.136101 129.515
64.990196 75.898598 125.956
62.214699 76.8731 122.647
59.408501 77.767502 119.284
56.6203 78.654999 115.943
47.027901 82.3937 104.576
44.4981 83.5383 101.608
41.980999 84.676003 98.6549
38.6077 86.336998 94.723099
32.7258 90.313904 88.070297
30.308901 91.4888 85.249001
100.963 90.464897 172.836
89.299202 82.687202 156.724
84.712097 78.148598 150.11
71.109497 74.007103 132.241
54.2598 79.471199 112.087
51.645802 80.562798 109.007
49.979698 81.177902 107.028
80.373299 74.540398 142.911
76.309799 73.8442 137.681
72.955002 74.108101 133.51801
46.8251 82.588898 102.297
44.2994 83.7314 99.339203
41.7421 84.794701 96.328003
37.841202 86.877701 91.817802
35.534 88.2836 89.183601
32.505299 90.422798 85.779198
30.261101 91.885101 83.234497
99.961601 91.037903 169.45399
97.3032 89.309601 165.80099
88.828903 80.692902 153.584
79.110802 74.0009 140.162
75.4245 73.824699 135.507
70.138298 74.442802 128.993
67.0886 75.063904 125.285
64.306 76.042702 121.978
61.5415 77.014198 118.691
58.841301 78.051003 115.498
49.858501 81.514702 104.877
40.646301 85.541 94.072304
102.899 89.152199 171.675
88.431099 79.470497 151.77499
85.157303 76.795097 147.18401
72.439201 73.942902 130.73199
69.424004 74.641403 127.085
60.8484 77.206497 116.819
58.107201 78.168503 113.564
56.420399 78.793404 111.566
53.800301 79.888603 108.486
37.732399 87.197701 89.710602
35.471401 88.6735 87.1511
100.002 89.7537 167.049
96.446899 86.7771 162.058
81.188599 73.725304 140.584
66.8386 75.262901 122.917
64.0131 76.167099 119.549
49.005798 81.988998 101.844
46.383202 82.990601 98.747498
43.909401 84.201698 95.875504
40.578201 85.936401 92.025703
34.479 89.552399 85.058701
32.358898 91.234299 82.714699
30.201799 92.837799 80.310997
102.04 57.899399 162.689
80.238701 73.633499 138.317
77.896698 73.479698 135.36301
76.550499 73.461098 133.67799
74.437401 73.600403 131.063
56.192299 78.986099 109.251
53.577301 80.079201 106.183
51.956001 80.7677 104.283
104.402 89.223503 170.228
88.3256 77.348198 148.019
86.292603 76.420403 145.313
71.870102 74.305 126.935
68.866096 75.000702 123.312
66.0308 75.908203 119.938
63.117901 76.663101 116.441
60.320099 77.556602 113.112
48.837898 82.248901 99.635201
46.2654 83.320602 96.618202
43.750401 84.457199 93.686699
39.801102 86.469398 89.123299
37.493401 87.875801 86.497299
34.376801 89.870499 82.970398
32.343899 91.694504 80.763901
104.922 91.2509 170.13
100.64 88.636002 164.323
97.936401 86.851997 160.631
82.895599 74.173897 139.603
74.327301 74.025398 128.89799
58.1824 78.737198 109.626
51.876499 81.1754 102.205
42.698898 85.278297 91.506203
81.526497 73.492599 136.713
79.181297 73.340103 133.767
77.884697 73.395897 132.162
71.614998 74.5103 124.558
68.6175 75.2043 120.951
65.738899 76.0373 117.517
62.927799 76.935898 114.179
60.231098 77.972 111.008
55.9175 79.694298 105.947
31.8451 92.6465 78.301598
106.253 86.487701 168.711
104.491 89.3284 167.02699
100.687 87.370697 161.94701
97.426697 84.818298 157.44
89.087799 76.449402 145.582
87.377197 75.976303 143.369
76.331497 73.686302 129.229
58.003399 79.006699 107.389
51.2085 81.944397 99.464699
48.671501 83.091499 96.514397
46.148102 84.231201 93.579903
40.270901 87.017998 86.770401
38.007702 88.4944 84.217903
36.6129 89.440903 82.652603
34.404598 90.9785 80.181099
100.369 86.269699 160.258
96.559799 82.956596 154.939
84.0299 73.812798 137.75999
75.558403 73.818199 127.241
73.660301 74.248199 124.959
70.650902 74.945503 121.346
67.761803 75.781601 117.906
55.883301 80.179604 103.934
54.210999 80.7967 101.968
43.1241 85.758598 89.078598
82.812302 73.351303 135.11
80.516701 73.273697 132.248
79.218201 73.329903 130.647
72.890198 74.374298 122.983
69.889198 75.069801 119.384
67.0084 75.9039 115.957
65.248199 76.467003 113.873
62.494099 77.434502 110.628
50.947201 82.060501 97.119698
48.415298 83.205498 94.181297
45.896301 84.343102 91.258003
36.551399 89.831398 80.633102
34.388302 91.438797 78.234299
107.576 86.318298 167.005
104.944 87.966698 164.033
99.671898 83.994698 156.80701
95.609299 80.333397 151.131
89.518402 75.098602 142.66901
88.131699 75.0784 140.94701
77.504402 73.396896 127.487
60.206902 78.3955 106.933
53.938801 80.9095 99.608803
42.338799 86.287003 86.179802
40.027 87.694099 83.562103
33.527199 92.5242 76.355698
85.202599 73.512199 135.987
76.623703 73.378998 125.348
64.903397 76.515297 111.393
62.204201 77.553299 108.233
57.9804 79.422699 103.333
45.1922 85.019203 88.483498
109.779 86.033699 167.476
106.771 89.148201 164.298
84.140198 73.273201 133.576
81.737297 73.050102 130.56799
80.4375 73.1073 128.97099
75.230797 73.883003 122.672
72.219704 74.582603 119.07
69.328003 75.4207 115.643
59.922798 78.513397 104.554
53.077499 81.382896 96.591103
50.494301 82.459297 93.584396
48.014599 83.672501 90.729301
38.605499 89.1007 80.041603
36.438599 90.710701 77.641701
96.296799 79.331802 148.57401
90.642303 74.719597 140.799
88.613297 73.809303 138.138
78.723396 73.177299 125.82
74.460503 74.010597 120.702
71.506699 74.780899 117.188
66.861198 76.181 111.694
57.796398 79.683601 101.108
56.1236 80.301697 99.149597
45.163101 85.484901 86.511597
42.8419 86.897102 83.889297
40.529999 88.302002 81.278503
84.328598 72.244202 131.528
80.7883 72.3041 127.172
77.690399 72.943199 123.461
68.93 75.401604 113.081
66.065399 76.2313 109.693
64.412399 76.935699 107.774
52.948898 81.712898 94.458099
50.414001 82.858803 91.5299
47.9375 84.069702 88.684097
35.201199 92.394997 74.407097
108.929 88.150902 163.48199
99.220497 80.121002 150.158
95.635002 77.128899 145.233
88.794701 72.772598 136.067
86.259399 72.405296 132.882
82.597198 72.319099 128.358
62.124199 77.900902 104.096
55.991199 80.634804 97.008301
39.110699 89.709396 77.7658
36.9021 91.245003 75.307198
114.231 86.140099 168.562
105.783 85.185997 158.009
91.499901 73.973801 138.54201
79.791901 72.743401 123.931
76.604401 73.2341 120.093
73.692299 74.081497 116.655
68.074203 75.971397 110.066
64.268303 77.276398 105.605
59.992298 79.076103 100.65
47.189999 84.679298 85.851799
44.8652 86.094101 83.232201
42.637402 87.645897 80.753799
35.141102 92.779602 72.402397
98.434303 77.756699 146.638
95.913597 76.223503 143.283
72.980202 74.282799 114.78
71.206001 74.852402 112.697
61.985401 78.2407 101.938
55.223301 81.257599 94.139297
52.589699 82.263397 91.073196
50.061901 83.4058 88.158997
116.276 85.614799 168.77699
112.178 87.314697 164.033
109.664 87.188599 160.927
105.525 83.5392 155.237
97.958397 76.467102 144.767
90.183998 72.771698 134.60699
87.591698 72.331902 131.353
86.225403 72.318497 129.674
82.675797 72.379799 125.329
79.366898 72.7295 121.327
76.2883 73.364601 117.656
70.498001 75.048698 110.832
67.729202 76.0243 107.598
59.8074 79.338997 98.431297
58.179901 80.0299 96.549599
47.159599 85.146301 83.884003
44.792801 86.486801 81.204201
42.523899 87.964302 78.666298
41.081902 88.839203 77.043701
38.825802 90.305397 74.521797
108.91 85.525299 158.632
104.791 81.903297 152.981
92.242798 73.077003 136.13
84.432098 72.317001 126.431
66.473297 76.655998 105.141
54.949501 81.367302 91.8022
52.4123 82.514603 88.8834
49.978001 83.798203 86.113503
37.186501 92.053703 71.810501
35.115501 93.795502 69.561401
116.99 87.228996 167.715
114.506 87.183502 164.66701
96.922096 75.684303 141.237
81.718498 72.8843 122.161
78.472801 73.303299 118.257
75.404503 73.934799 114.606
69.731102 75.755402 107.961
64.321602 77.835098 101.683
58.0378 80.355904 94.408203
117.409 85.193604 166.78999
99.297897 76.376602 143.194
91.992699 73.350899 133.763
89.390198 72.909302 130.509
87.966301 72.821899 128.75301
73.108398 74.992104 110.943
62.181999 79.0075 98.2435
49.401501 84.687698 83.551102
47.028 86.031601 80.869499
44.752602 87.512001 78.3312
41.577499 89.4375 74.764999
39.322601 90.901199 72.249702
114.265 87.523499 162.23199
109.109 83.861504 155.336
104.89 80.114197 149.571
94.166603 73.807098 135.442
86.168297 72.820801 125.512
84.8106 72.8069 123.851
81.491096 73.156403 119.854
78.352898 73.7192 116.113
75.4394 74.565498 112.693
69.720901 76.308701 105.996
67.010597 77.349899 102.856
64.316704 78.3834 99.734703
60.007099 80.101303 94.752403
57.399899 81.187401 91.746201
54.807701 82.266296 88.7556
52.274101 83.4095 85.848503
37.684898 92.648804 69.543098
35.655899 94.4608 67.362099
103.885 78.122101 146.94299
99.176598 74.940697 140.683
97.216499 74.176804 138.168
72.8983 75.259804 108.68
62.1329 79.482201 96.234596
115.584 86.047203 161.408
83.645203 73.023697 120.388
80.442101 73.516502 116.566
71.7295 76.042999 106.358
69.009903 77.087196 103.215
66.306999 78.124199 100.088
60.008598 80.646599 92.822601
49.943802 85.368301 81.322098
47.613899 86.781799 78.713402
45.338699 88.260201 76.179802
43.8937 89.135696 74.560097
41.631802 90.602798 72.041603
120.248 83.1436 165.52299
113.504 84.585297 157.547
103.524 76.370003 144.08299
95.447098 73.651802 133.81599
93.893898 73.415398 131.88699
91.391197 73.121902 128.795
89.909698 72.961403 126.966
77.871696 74.221001 112.519
74.967201 75.063797 109.12
57.895599 81.804199 89.428398
55.395599 83.024399 86.582199
52.816399 84.093498 83.615097
39.816799 92.066101 69.077301
37.742199 93.808403 66.831902
105.372 76.310799 145.252
98.446297 73.946602 136.45599
87.897598 72.670303 123.43
86.486099 72.584297 121.7
83.2127 73.008904 117.79
80.171501 73.718498 114.206
77.152 74.421204 110.649
71.524597 76.3116 104.11
68.858902 77.425697 101.048
66.111603 78.388298 97.862999
64.420998 79.013199 95.9077
43.865002 89.594101 72.613098
41.561401 90.9869 70.035797
116.779 85.712601 159.528
111.635 80.833199 152.508
103.109 74.553596 141.16
100.317 73.955399 137.67599
74.704498 75.259697 106.787
62.334702 80.250198 92.561401
52.146099 84.841698 80.9216
49.721298 86.114799 78.180099
47.441299 87.596001 75.647202
119.068 84.865799 161.084
105.336 75.009102 142.875
96.608597 73.338997 132.02901
95.053596 73.104301 130.106
92.5494 72.813202 127.024
91.120796 72.727203 125.277
85.411797 72.938599 118.387
82.254601 73.505798 114.648
64.315002 79.408302 93.826599
60.2071 81.403603 89.1605
57.651901 82.555397 86.244598
55.1577 83.7714 83.4104
40.222301 92.512703 66.681099
38.148602 94.252602 64.441002
120.507 86.119202 161.93401
118.86 87.190399 160.10899
99.381699 73.326202 134.34
79.620003 74.132202 110.532
76.712196 74.976303 107.142
73.971298 76.029701 103.987
71.1978 77.003304 100.781
68.489799 78.041496 97.663696
62.227402 80.638802 90.486
46.0378 89.061798 72.200401
43.772701 90.529297 69.686996
122.92 86.701797 163.855
117.114 84.255699 156.44901
111.867 79.255203 149.321
105.072 73.411598 140.189
103.256 72.877197 137.909
95.314499 72.202599 128.196
89.391602 72.203796 121.031
88.0308 72.192398 119.383
84.807098 72.692596 115.561
81.762703 73.404297 111.989
78.791496 74.181297 108.516
75.941399 75.095596 105.211
73.207802 76.146599 102.068
60.1502 81.862701 87.162697
52.6702 85.503998 78.681801
50.245399 86.774902 75.947304
47.877102 88.110199 73.290199
37.800098 95.4655 62.246799
116.038 82.210701 153.75
102.656 71.4562 135.912
100.216 71.319702 132.94099
93.268997 71.908401 124.638
70.9338 77.184998 98.469101
68.328499 78.364799 95.5028
66.730003 79.134201 93.691002
64.193001 80.373497 90.8181
58.038502 83.008003 83.788803
55.498402 84.150398 80.896698
45.9529 89.4356 70.182404
43.6903 90.900803 67.6754
42.296398 91.839798 66.137802
40.176102 93.510002 63.8349
109.679 75.1194 143.90199
99.271202 71.303497 130.75301
97.290398 71.755203 128.43201
92.5075 72.110298 122.714
62.157101 81.673203 87.558296
126.498 86.223602 164.81799
125.946 88.743896 164.53799
122.948 86.784302 160.625
114.735 79.247299 149.569
104.825 71.224297 136.394
96.3564 71.738998 126.264
90.432999 71.746498 119.123
87.144302 72.1782 115.226
84.141602 72.966301 111.726
81.261101 73.891701 108.397
78.399498 74.8097 105.087
75.6063 75.792198 101.871
72.977898 76.9832 98.883797
70.361801 78.166397 95.912903
64.134499 80.837799 88.815002
54.862999 84.962196 78.269501
52.431702 86.236298 75.534599
50.011799 87.503098 72.811501
103.533 70.766098 133.718
101.534 71.222603 131.381
89.471298 71.658203 116.923
86.402 72.378799 113.337
67.208801 79.741203 91.348396
62.0084 81.992302 85.428596
60.431801 82.748001 83.646004
57.791401 83.749901 80.618599
48.128601 88.904503 69.769501
45.816101 90.300797 67.197502
42.782299 92.425003 63.868099
40.662201 94.092903 61.569901
39.405201 95.240501 60.230701
129.86099 87.359596 166.84599
128.508 87.560097 165.24899
126.098 87.6791 162.368
122.741 85.256203 157.964
112.004 74.426804 143.412
109.355 72.8367 139.98599
100.698 71.355797 129.35201
94.498802 71.0784 121.854
93.1241 71.070602 120.2
83.959396 73.304703 109.515
81.033203 74.1558 106.125
78.1763 75.071701 102.829
75.487 76.196198 99.764603
72.861801 77.384804 96.786903
70.202202 78.4935 93.756104
54.816799 85.4188 76.300697
122.365 84.140503 156.25999
106.486 71.571701 135.29601
98.626297 71.066902 125.779
97.238197 71.059601 124.109
91.4216 71.220299 117.147
66.406601 80.3563 88.472099
60.378899 83.209 81.660896
52.8703 86.759598 73.175797
50.496899 88.096001 70.525002
128.774 86.651802 163.243
112.179 73.425499 141.356
103.348 71.787102 130.517
89.103302 72.369797 113.513
86.196404 73.303596 110.164
83.206596 74.085098 106.695
80.338997 75.003899 103.392
77.639099 76.131699 100.321
74.954498 77.251503 97.266701
72.285202 78.363503 94.229599
69.629799 79.467796 91.209602
64.457603 81.797501 85.351898
58.315601 84.417 78.374496
48.6539 89.562698 67.550697
46.2981 90.884697 64.922501
44.901699 91.824402 63.386902
42.734901 93.422997 61.025902
127.087 87.078003 160.194
110.849 72.953499 138.63699
102.394 71.768501 128.33099
62.470299 83.160004 82.177399
57.280499 85.300903 76.276703
41.046902 95.081703 58.275002
123.532 83.783699 154.364
108.932 72.9515 135.28999
107.332 72.718697 133.343
100.805 72.137299 125.445
99.354897 72.055 123.696
97.0588 72.064598 120.949
95.7314 72.128601 119.369
93.565903 72.282501 116.799
88.9067 72.7033 111.285
85.9021 73.490097 107.805
83.070602 74.486397 104.564
80.308296 75.547203 101.413
77.611504 76.672302 98.350998
74.929199 77.789597 95.305603
67.067101 81.238998 86.403702
60.305302 84.227898 78.752197
55.3241 86.641998 73.144997
52.941399 87.981697 70.490799
129.82201 86.128899 161.14999
126.493 85.0644 157.013
122.67 82.048103 152.00101
114.486 74.595596 141.125
105.161 72.347099 129.646
72.850998 79.108398 92.010498
70.195503 80.210297 88.997498
64.975502 82.463303 83.087601
51.047501 89.380699 67.449699
48.638901 90.6343 64.753502
45.465 92.5438 61.239799
43.2542 94.068298 58.819801
112.458 73.219803 137.44701
104.427 72.624603 127.769
98.831299 73.219803 121.175
91.476601 73.134102 112.38
88.091003 73.415298 108.378
85.042999 74.125603 104.842
82.321999 75.262199 101.758
79.667 76.462601 98.762802
77.025497 77.655296 95.781601
69.183098 81.186302 86.931602
63.0373 83.896599 79.987396
57.892399 86.104698 74.166199
131.31 84.8629 160.56599
126.762 84.1698 155.04201
119.067 76.163597 144.703
114.831 73.819801 139.313
110.138 72.696701 133.55299
108.595 72.539398 131.689
102.555 72.624702 124.499
101.209 72.689003 122.902
97.681503 72.906799 118.726
95.4533 72.986603 116.08
94.134003 73.048401 114.515
90.620499 73.187103 110.345
72.226196 80.011002 89.394699
67.084 82.414398 83.609596
60.873001 84.963402 76.569901
55.845001 87.300903 70.911201
53.417198 88.566299 68.199501
42.8582 95.207497 56.5667
133.03999 86.443901 161.76601
124.371 80.4804 150.58099
118.471 74.784401 142.733
106.532 72.319 128.157
87.744698 73.532799 105.951
84.9086 74.530403 102.715
82.242401 75.736298 99.7127
79.639999 77.006599 96.794998
77.000801 78.196701 93.822502
75.284798 78.8283 91.868797
69.1185 81.648003 84.927696
51.434299 89.820602 65.037598
49.116699 91.215401 62.476601
47.671902 92.083603 60.880501
45.4561 93.611 58.459702
131.911 86.3153 159.314
113.843 73.189903 135.94
105.463 72.154701 125.823
99.651497 72.461403 118.95
72.109398 80.404198 87.314697
66.974098 82.802498 81.547096
65.388901 83.559097 79.768501
60.273998 85.845703 74.008301
134.155 83.420601 160.483
131.32401 84.950302 157.33701
121.587 75.687302 144.44901
116.045 73.563698 137.561
111.461 72.593399 131.976
109.915 72.436996 130.118
103.537 72.083702 122.486
102.191 72.1493 120.896
98.771301 72.517097 116.884
96.757202 72.890404 114.543
93.4375 73.322502 110.66
90.147499 73.749199 106.81
86.987999 74.315498 103.135
75.213699 79.295601 89.8489
63.310501 84.773003 76.480904
58.264 87.116898 70.815102
55.782101 88.313698 68.035797
137.78101 82.252701 163.54401
133.763 85.515099 159.23599
130.295 83.0299 154.76801
119.264 73.984802 140.39799
107.726 72.059402 126.43
95.716599 72.716499 112.266
92.515701 73.293198 108.548
84.442802 75.0755 99.216698
81.834297 76.349503 96.300201
79.289299 77.687302 93.467003
74.134903 80.195396 87.7024
71.479401 81.293602 84.704803
53.8288 89.633003 64.928101
51.368698 90.8153 62.174198
48.1422 92.6539 58.6045
45.925999 94.179001 56.189301
44.621601 95.254898 54.7915
139.395 83.659599 164.573
135.05 81.422203 159.10899
136.66299 85.359703 161.571
132.037 82.719299 155.717
116.308 72.696899 135.66299
106.423 71.5914 123.787
89.570702 73.558098 104.082
86.4217 74.123901 100.427
83.601097 75.115097 97.223503
81.049896 76.458298 94.386703
69.319099 82.441399 81.315002
65.797401 84.063698 77.3675
63.234299 85.208504 74.489197
60.731602 86.417603 71.689697
130.33099 79.954803 152.237
125.894 76.229401 146.465
121.584 73.876602 141.033
115.309 72.669899 133.43401
112.523 72.162102 130.065
110.864 71.859398 128.056
104.265 71.221001 120.153
102.921 71.288498 118.571
100.728 71.448898 115.996
78.996101 77.850403 91.150597
77.476303 78.771004 89.478897
73.9991 80.569603 85.610901
71.395302 81.737297 82.690399
58.759998 87.749901 68.563797
56.233101 88.872398 65.727097
53.764198 90.059502 62.967701
142.026 83.798798 165.535
142.522 86.335999 166.47301
120.385 71.747398 138.271
118.863 71.668404 136.46001
108.676 71.486801 124.385
99.948303 71.643898 114.083
98.042503 72.165199 111.901
95.043297 73.036598 108.473
91.8545 73.610603 104.78
88.794197 74.323097 101.258
85.653603 74.884499 97.621201
67.840302 83.928902 77.801102
65.268204 85.076897 74.917
62.709702 86.217102 72.048599
51.911301 91.514603 60.007
50.3736 92.239403 58.288799
48.1077 93.695602 55.810101
45.120998 95.875603 52.577499
144.033 87.603798 167.343
139.55701 85.240402 161.73
137.10699 84.094299 158.679
129.592 77.817001 148.938
125.784 74.888901 144.036
119.007 74.365601 135.957
107.596 71.317001 122.056
83.328499 75.928902 94.018501
81.905998 75.767303 92.315201
76.070099 80.425903 86.060204
73.457298 81.597 83.133904
69.910797 83.2304 79.168404
144.334 82.251801 165.87601
136.561 82.804298 156.78
124.86 73.1231 141.64999
122.238 72.9114 138.526
116.549 72.464104 131.752
113.646 71.810097 128.23599
112.041 71.582901 126.313
105.438 70.950203 118.433
97.821701 72.488403 109.656
94.828003 73.357597 106.241
91.644096 73.929802 102.562
88.588402 74.640297 99.053101
81.219597 77.253998 90.712997
77.971802 79.424103 87.1772
61.2103 87.6129 68.512703
58.626499 88.666603 65.608704
56.1483 89.857101 62.845798
144.991 85.653297 166.02699
129.168 76.083 146.078
120.928 72.510902 135.882
109.628 70.919899 122.346
104.704 71.221802 116.584
102.78 71.748001 114.387
86.199097 75.618103 95.3675
76.0336 80.9478 84.107803
73.423798 82.116402 81.189301
68.339203 84.574402 75.528801
65.815399 85.791801 72.719498
63.2565 86.929703 69.856697
54.245499 91.244499 59.8204
50.874699 92.8685 56.0672
48.432999 94.0345 53.347
47.038502 94.9664 51.8302
140.96001 85.172897 160.127
126.796 74.373901 141.99699
124.518 74.6119 139.347
119.843 73.633102 133.71201
108.605 70.826797 120.103
100.251 72.685204 110.518
97.028099 73.266296 106.801
93.989304 74.058502 103.33
90.971802 74.843399 99.8834
88.129402 75.837997 96.671303
83.926102 76.733398 91.843597
72.355698 83.010696 79.065399
145.15601 81.467903 163.48399
145.34599 84.884903 164.164
145.59 87.106796 164.748
138.593 83.531303 156.04201
118.955 71.894203 131.392
114.714 71.388603 126.338
113.109 71.163399 124.42
107.112 71.342201 117.392
102.663 72.222 112.278
81.868698 78.129501 88.614098
80.344498 79.051003 86.945602
78.013901 80.6633 84.419701
75.5429 82.051598 81.699799
70.391602 84.443802 75.961998
67.810997 85.5923 73.081802
65.290802 86.805397 70.280602
61.758801 88.325996 66.3293
59.2211 89.449203 63.496201
56.742001 90.637199 60.7397
131.528 77.253502 145.83501
128.619 75.477898 142.183
122.647 72.906898 134.827
111.37 71.385803 121.378
100.029 73.010101 108.274
96.971802 73.807198 104.789
93.988701 74.669197 101.4
90.973396 75.4515 97.961899
88.082298 76.371002 94.688599
86.183197 76.7976 92.513802
54.7924 91.9496 57.655602
53.294701 92.746902 56.001999
50.888 93.988098 53.339802
47.805 96.024902 49.9888
146.759 80.3321 163.05099
142.108 84.787498 158.183
125.112 73.572304 136.763
110.342 71.291603 119.135
106.933 71.743599 115.195
104.893 72.123802 112.852
83.962303 77.979698 89.069603
73.097504 84.020599 77.119102
63.878399 88.346397 66.874001
61.331501 89.472702 64.033798
58.797401 90.5914 61.208801
47.187302 97.519302 48.501301
146.298 84.256104 161.944
146.742 86.715401 162.784
138.85001 82.045601 152.92599
122.73 71.821098 132.698
119.904 71.319298 129.32201
115.836 71.040901 124.518
114.345 70.9646 122.76
102.085 72.696899 108.62
99.016701 73.497299 105.13
95.969597 74.290298 101.664
93.049797 75.220802 98.363701
90.3041 76.360603 95.295898
81.091797 80.067001 84.985397
78.708801 81.605301 82.394798
76.236603 82.991302 79.679901
71.083 85.378403 73.9533
68.549004 86.596703 71.143303
66.026802 87.807297 68.346497
56.795101 91.835297 58.056702
148.01199 82.572701 162.64799
133.89999 78.429298 145.59
128.965 74.127296 139.256
125.13 72.4067 134.54401
112.718 71.336502 119.877
109.236 71.7174 115.851
104.72 72.524498 110.67
88.167 77.696198 91.969803
75.212402 83.958603 77.622101
53.929699 93.593102 53.965599
51.433102 94.687599 51.185299
50.122398 95.764397 49.791801
149.144 86.543297 163.401
143.51601 84.723999 156.586
119.243 71.135201 126.455
101.97 73.169197 106.526
98.853302 73.894402 102.975
95.864098 74.757599 99.591499
93.052399 75.830399 96.443001
85.736099 78.590202 88.246399
78.265099 82.782204 80.053902
73.142197 85.248199 74.383904
70.599503 86.469398 71.569504
68.116203 87.755501 68.8321
64.567596 89.276199 64.880302
61.9725 90.327698 61.981701
59.390999 91.371696 59.098999
48.1731 98.940102 46.962299
149.88499 81.755898 162.564
150.07401 83.889603 163.05901
150.13699 89.079399 163.798
139.806 81.435402 150.755
128.554 72.428299 136.46201
125.389 71.547897 132.65199
123.623 71.172897 130.54201
116.962 70.697502 122.704
115.641 70.843498 121.18
112.139 71.229202 117.14
108.891 71.902397 113.434
106.846 72.283302 111.095
90.8535 77.099503 93.039398
88.071297 78.156403 89.9263
83.471298 79.694603 84.751198
80.982002 81.091797 82.024803
57.343201 92.542297 55.890598
150.349 78.566101 161.616
143.55299 83.570801 154.32899
134.36099 77.216698 142.798
121.37 70.808098 126.832
113.899 71.070602 118.151
104.25 73.150299 107.164
101.064 73.805496 103.532
97.850304 74.381401 99.855698
95.0299 75.457703 96.703003
75.811501 84.756798 75.474297
61.362999 91.185699 59.441898
56.269001 93.329903 53.773499
53.807701 94.499397 51.052502
50.715 96.537598 47.703602
152.008 79.970901 162.646
152.685 83.954597 163.939
152.746 85.940598 164.26199
152.026 88.261803 163.716
132.67101 74.5205 139.43201
120.256 70.644096 124.48
106.674 72.687599 108.918
92.824699 76.731102 93.295502
90.240898 78.0811 90.456596
86.236 79.254501 85.939301
83.030098 79.646797 82.254204
78.915199 83.656502 77.967697
73.790802 86.117401 72.309502
71.246902 87.336304 69.5
68.715401 88.547401 66.7043
67.132698 89.291496 64.955101
64.572998 90.418098 62.116001
59.3545 92.432198 56.290798
50.097698 98.0355 46.216702
51.162701 104.964 48.3326
143.916 82.820198 152.507
139.627 79.425301 147.092
131.729 72.759102 137.065
129.269 71.551598 134.05099
125.75 70.231598 129.78999
124.342 70.307098 128.16299
117.802 69.990402 120.514
116.425 70.0644 118.92
114.178 70.235397 116.327
110.868 70.841103 112.552
104.029 73.480301 104.926
100.364 73.480003 100.662
97.373703 74.3451 97.290802
94.665604 75.564003 94.292801
81.485001 81.752197 79.733902
77.789703 84.481697 75.777298
154.743 80.178703 163.69299
155.009 82.395203 164.27901
155.03 85.598701 164.702
150.771 87.4506 159.983
142.839 80.903801 149.94901
120.46 69.721802 122.548
113.257 70.287598 114.248
110.124 71.110703 110.708
92.511902 76.901199 90.962898
89.9851 78.320999 88.202499
85.324097 79.787903 82.9692
61.9561 91.966103 57.329399
56.860001 94.105202 51.6735
54.3083 95.127998 48.8354
52.993999 96.205597 47.441898
155.899 87.970398 164.92
154.97701 90.057701 164.10899
152.63 89.122704 161.27
131.478 71.278999 134.508
129.448 70.605103 132.06799
122.355 69.696701 123.722
109.185 72.347397 108.764
104.145 72.422401 102.921
88.722397 79.013 85.835297
81.028801 82.919296 77.387001
76.333099 86.039299 72.322899
73.731102 87.188904 69.444099
71.237602 88.475899 66.709602
67.768303 90.142502 62.8881
65.208199 91.266502 60.054401
59.986198 93.275398 54.2421
50.726002 98.869904 44.185299
156.94299 81.635803 164.269
157.35001 84.023201 165.034
145.17 82.580704 150.73399
140.558 78.802597 144.923
127.274 70.384903 128.48599
125.685 70.237801 126.627
119.194 69.997803 119.072
117.757 69.998901 117.406
115.507 70.170998 114.817
112.811 71.5821 111.865
107.782 71.738297 106.054
102.678 72.921898 100.281
99.837799 74.008202 97.122002
97.0681 75.158699 94.051102
94.523003 76.590103 91.275803
91.936203 77.941101 88.443604
84.046997 81.655197 79.752502
78.471703 85.407501 73.7491
64.109901 92.057098 57.913898
58.8564 93.984703 52.058701
56.295898 95.010201 49.216099
157.64999 78.737099 163.65401
158.522 88.026299 165.797
157.129 91.473701 164.603
155.64301 91.595901 162.897
122.086 70.022499 121.406
106.301 72.242699 103.396
87.182098 80.527702 82.264297
69.802803 90.011497 63.293201
67.232597 91.138496 60.455399
62.086498 93.297897 54.757999
53.6157 97.033997 45.404099
133.01199 71.432297 133.19299
130.97701 70.758499 130.757
124.045 70.072403 122.656
115.253 70.4944 112.537
113.077 70.736397 110.049
110.008 71.628998 106.608
102.609 73.454399 98.2686
99.772102 74.538101 95.118896
97.0047 75.685898 92.056702
94.462502 77.1147 89.289101
90.489197 79.609596 84.994904
81.661903 83.775101 75.2883
76.916801 86.818398 70.167297
74.410599 88.110802 67.426003
71.916397 89.3955 64.695602
52.992802 98.527496 43.911598
158.61099 81.8703 162.987
158.953 84.178703 163.66
159.26199 89.649002 164.674
148.174 84.481903 151.242
142.375 79.269798 143.91701
128.5 70.167603 126.792
126.911 70.021797 124.938
120.876 70.374496 118.009
119.551 70.522499 116.494
117.294 70.693802 113.908
106.12 72.633499 101.23
92.574501 78.807503 86.321701
84.531403 82.297096 77.447998
80.825104 85.0299 73.494102
64.738403 92.898201 55.852901
59.527199 94.892998 50.071899
56.875 95.771103 47.113602
159.45399 87.370102 163.537
158.811 91.716103 163.312
144.04401 80.726898 144.961
123.777 70.400703 120.341
113.11 71.424599 108.153
109.545 71.659103 104.067
104.868 73.425201 98.879898
101.912 74.367401 95.580704
99.241997 75.663597 92.653702
96.584999 76.951401 89.740898
89.254799 81.563202 81.831596
87.870697 81.463203 80.223396
83.641403 83.484497 75.583199
79.080498 86.8255 70.718697
76.565903 88.121201 67.970802
74.014198 89.336601 65.170303
70.482002 90.931503 61.284302
67.911301 92.056099 58.452
62.667999 94.0653 52.6409
55.845901 96.618301 45.071701
159.213 83.318703 161.69501
150.87 86.585999 152.464
135.164 72.342102 132.675
132.87601 71.364899 129.922
125.801 70.526199 121.668
117.097 71.092796 111.702
114.857 71.2612 109.141
108.487 74.563004 102.188
94.586601 78.5037 86.631302
92.211403 80.1381 84.087196
86.772598 82.366203 78.0812
66.9039 92.994301 56.437599
61.625599 94.921898 50.581299
59.008499 95.874901 47.677299
160.40199 89.238403 162.679
158.942 92.606003 161.394
130.50999 70.921997 126.112
128.914 70.774696 124.258
122.682 70.902802 117.098
121.295 70.9767 115.509
118.916 71.000702 112.775
112.001 71.843597 104.911
104.746 73.888802 96.798103
101.902 74.973297 93.650803
99.180397 76.194397 90.660896
81.612 86.107201 71.599503
72.719498 91.096001 61.9464
70.090401 92.150497 59.043201
64.919296 94.310303 53.343399
54.777401 98.614998 42.172401
160.382 86.7145 161.28
145.293 80.4925 143.20399
125.351 70.6297 119.122
97.170197 77.747597 87.542
89.685402 82.134804 79.447304
85.494499 84.229897 74.870697
80.821602 87.428299 69.871201
78.349899 88.7976 67.187599
75.839302 90.086304 64.450104
57.5672 97.294899 44.278599
161.63901 92.744698 162.345
152.715 87.056396 151.436
136.021 71.660301 130.481
134.097 71.136803 128.21001
127.311 70.6735 120.362
111.913 72.372398 102.872
104.09 74.863998 94.173798
101.304 76.0159 91.108299
95.2687 79.435303 84.569702
92.945099 81.140404 82.098
88.831398 83.394203 77.634598
83.831802 86.1726 72.212799
68.651497 93.6642 55.643398
62.290798 95.822197 48.586102
59.671001 96.772598 45.687302
163.092 90.690002 162.694
160.87801 93.159698 160.438
131.84 70.837303 124.561
130.302 70.765099 122.787
124.003 70.821701 115.566
122.671 70.969902 114.056
119.2 71.434402 110.128
117.124 71.822502 107.79
113.813 72.423302 104.059
99.178398 77.425102 87.843201
91.931503 82.186996 80.075798
74.5261 91.831001 61.2132
71.9356 92.958504 58.3713
65.625397 95.278702 51.397301
165.908 93.4618 165.155
163.52901 93.829903 162.472
126.79 70.693298 117.734
116.196 71.867104 105.727
109.785 73.276802 98.541801
106.97 74.4431 95.448997
104.009 75.382896 92.162804
101.174 76.459801 89.035698
87.435699 85.104103 74.277802
82.599403 88.086502 69.075699
80.169701 89.529701 66.455704
77.6521 90.819 63.716
64.430702 95.910202 49.145
61.7547 96.790199 46.179298
58.355999 98.397202 42.467201
56.899899 99.255203 40.896198
137.112 71.271698 128.60001
135.369 70.974899 126.572
128.69501 70.663803 118.897
121.397 71.235001 110.609
99.1567 78.0121 85.9179
97.598 78.947899 84.2397
95.321198 80.7295 81.834099
89.502602 84.310799 75.579697
84.600998 87.230698 70.299202
70.395599 94.325798 54.841
67.685799 95.219704 51.840401
133.29201 70.901802 123.164
131.69099 70.755699 121.317
115.065 72.273697 102.479
109.01 74.111801 95.762199
106.093 75.1278 92.541801
103.301 76.280998 89.479301
92.605499 83.107498 78.015999
76.238197 92.421303 60.3493
72.551399 93.7873 56.285801
137.32899 70.391602 126.697
127.819 70.243599 115.821
125.472 70.346802 113.15
124.14 70.4963 111.646
120.725 71.037102 107.807
118.533 71.2808 105.331
114.148 72.318398 100.437
112.213 72.845001 98.287598
108.108 74.152298 93.7463
105.2 75.166 90.537804
97.4216 79.316597 82.116203
95.2519 81.240501 79.853104
91.750099 84.370796 76.202797
87.955902 85.802696 72.028503
83.320396 89.072701 67.099098
80.889099 90.513802 64.482803
78.368896 91.8004 61.748199
66.163002 96.574203 48.341
62.458801 97.754601 44.242199
60.8554 98.3992 42.483501
135.914 69.921799 124.005
131.85899 69.812202 119.367
117.379 71.037003 102.987
102.689 76.076302 86.786697
101.071 76.944801 85.037498
86.751602 86.546097 69.765404
74.686096 93.798897 56.803398
71.011902 95.154602 52.761902
68.348602 96.118698 49.830101
58.938301 99.753799 39.4981
133.782 69.780701 120.538
129.93201 69.892998 116.164
111.575 72.647797 95.551598
94.722397 82.3405 77.414597
91.273903 84.294601 73.699303
82.905502 90.297302 64.823402
80.378098 91.587402 62.084202
76.8097 93.183601 58.194401
64.554298 97.777603 44.734402
141.71899 70.953102 128.679
138.61 70.237 125.064
128.972 69.947098 114.064
126.681 70.125198 111.477
123.195 70.597198 107.56
119.737 71.063202 103.676
116.423 71.668503 99.970802
110.312 73.438599 93.208801
107.396 74.456497 90.001701
104.66 75.683197 87.021599
99.599899 78.618301 81.582703
97.322304 80.400002 79.1838
90.423698 85.555199 71.894096
85.773697 88.832802 66.959396
73.2379 95.3181 53.398998
70.515503 96.211502 50.396999
66.732597 97.328003 46.214199
61.561199 99.365997 40.550301
137.44 70.070198 122.691
133.437 70.035004 118.137
113.908 72.682098 96.225197
101.702 77.807297 82.9039
93.478203 84.286797 74.254898
88.757004 87.507797 69.235901
79.062202 93.344299 58.8456
76.454201 94.472298 56.002899
68.469299 97.444901 47.247898
60.7033 100.498 38.749802
135.73 70.452904 119.768
131.567 70.193199 115.015
126.588 70.672302 109.412
123.047 71.0681 105.435
119.595 71.531303 101.566
116.341 72.206802 97.9431
95.406799 83.273003 75.360901
84.749397 91.046303 64.092796
82.2136 92.3368 61.3517
66.291298 98.452103 43.929798
63.702499 99.469902 41.098598
143.701 71.634804 127.912
140.332 70.616096 123.984
130.786 70.470802 113.143
128.606 70.795403 110.705
124.932 71.045898 106.566
121.408 71.438004 102.612
118.141 72.115997 98.979698
113.886 73.290802 94.279099
110.84 74.168999 90.918999
107.924 75.183998 87.721001
105.189 76.408203 84.747498
100.235 79.483398 79.457497
97.957001 81.2631 77.062798
92.290497 86.3022 71.170502
87.678596 89.655998 66.297096
75.0047 95.996498 52.598202
72.3209 96.9627 49.657501
139.282 70.598602 121.768
135.326 70.635696 117.291
115.677 73.2033 95.306396
112.62 74.084297 91.937302
109.695 75.102402 88.730698
104.218 77.548599 82.785301
95.197601 84.814796 73.333
90.670998 88.3312 68.576202
80.847801 94.0242 58.0481
78.230904 95.152199 55.204102
70.221199 98.123901 46.444199
137.506 70.907303 118.768
133.63 71.0159 114.396
128.571 71.418297 108.715
107.441 76.383499 85.328903
102.204 79.103302 79.687202
97.642899 82.662697 74.898598
86.704102 91.9478 63.492802
84.159698 93.238701 60.748299
68.084297 99.204697 43.1856
65.485603 100.222 40.3526
145.565 72.169701 126.986
142.30901 71.297699 123.216
132.785 71.220001 112.447
130.537 71.469803 109.934
126.909 71.791702 105.867
125.58 71.938698 104.379
123.43 72.255096 101.984
120.037 72.785797 98.204597
100.25 80.723297 76.668098
94.216599 87.126999 70.513199
89.7967 90.778801 65.8955
76.875999 96.826103 51.922298
74.086098 97.644798 48.854801
141.31599 71.354797 121.076
137.161 71.165901 116.369
122.67 72.526703 100.154
117.395 73.655296 94.316299
114.387 74.609001 91.018204
111.397 75.554199 87.742798
104.857 78.420303 80.655403
95.782898 85.605499 71.150597
92.593697 89.1595 67.915703
82.838799 95.003403 57.504799
80.212402 96.131104 54.6567
72.0755 98.953796 45.762901
139.349 71.439598 117.845
135.461 71.5466 113.473
130.44501 72.021004 107.868
119.955 73.328102 96.176697
108.029 77.186203 83.124001
102.897 80.046303 77.629898
98.334702 83.601898 72.848297
90.563904 92.4692 64.990501
88.922501 93.224899 63.216
86.2146 94.294098 60.2729
69.836403 99.888298 42.379101
67.277496 100.979 39.605701
64.776901 102.135 36.903801
147.368 72.626801 125.977
144.224 71.902802 122.364
134.66701 71.819603 111.596
132.353 71.994904 109.008
128.595 72.168198 104.795
127.262 72.315102 103.308
125.107 72.631203 100.914
121.762 73.234901 97.208801
114.363 75.213699 89.077599
106.942 78.178802 81.0214
100.832 81.514198 74.478401
96.618896 88.614899 70.448898
78.701202 97.581802 51.179699
75.999802 98.546898 48.2342
143.20399 71.9384 120.209
139.035 71.7472 115.501
119.093 74.084602 93.308296
111.961 76.336601 85.513298
110.213 77.067101 83.618896
104.848 79.643898 77.842796
97.577797 84.392799 70.141899
93.572701 90.514297 66.249199
92.855598 92.607399 65.651398
84.7658 95.889603 56.881699
81.982002 96.795502 53.840401
73.82 99.616898 44.943901
141.08501 71.851898 116.809
137.185 71.958397 112.44
132.15601 72.432297 106.837
124.98 73.137604 98.845299
121.696 73.811699 95.224403
116.555 75.0737 89.574402
106.89 78.742104 79.081596
100.111 82.369202 71.824898
95.703102 91.040703 67.7313
92.041298 95.806602 64.089798
90.494102 95.452904 62.317402
88.646599 95.905701 60.286598
71.652496 100.68 41.669701
69.084396 101.771 38.8937
66.529404 102.854 36.1306
148.983 72.875504 124.765
145.89301 72.226601 121.235
130.286 72.564903 103.756
126.788 73.027901 99.8778
118.975 74.586899 91.263603
114.034 76.055603 85.864304
110.105 77.561302 81.603699
104.8 80.205498 75.911499
103.129 80.993202 74.113197
98.771599 89.762398 70.084602
93.854698 94.641701 65.0467
80.485298 98.289597 50.404999
77.726898 99.180397 47.3964
151.528 73.513603 126.663
144.623 71.963303 118.774
140.44701 71.773598 114.076
136.62199 71.954498 109.806
134.302 72.130501 107.222
129.31599 72.599503 101.682
123.746 73.447304 95.5196
116.273 75.355698 87.332001
98.726898 84.140701 68.521698
98.346397 88.543999 68.523903
97.487999 92.305801 67.927101
96.044701 95.257301 66.597801
94.024399 97.383301 64.539803
90.302597 97.027397 60.3344
86.9758 97.193703 56.621601
83.877899 97.653198 53.194099
74.498001 100.554 42.965199
132.964 71.724602 104.689
125.676 72.291801 96.586601
122.683 73.3339 93.336601
113.371 75.827904 83.151703
108.823 77.708 78.243103
102.499 80.7556 71.456902
100.89 81.610802 69.739304
89.438599 97.008797 58.404499
73.464302 101.464 40.951698
70.936501 102.628 38.234501
68.419296 103.785 35.528702
65.6353 104.492 32.4795
149.715 72.070999 122.46
146.754 71.577797 119.102
142.563 71.391899 114.398
138.662 71.502602 110.046
127.601 72.3283 97.7575
120.87 73.462097 90.339699
111.988 76.451698 80.693703
106.569 78.958702 74.875198
98.934303 83.199898 66.742897
98.186897 87.077904 66.278702
99.151001 90.281097 67.661797
98.397697 94.201103 67.194702
97.374298 97.761803 66.3908
92.635597 95.983101 60.922699
86.740997 97.437897 54.471001
81.1707 99.235703 48.4142
78.360901 100.05 45.349701
76.661598 100.629 43.504799
152.388 72.857597 124.505
145.61 71.468597 116.803
141.55701 71.432198 112.274
137.78999 71.6903 108.092
135.47 71.867798 105.516
131.75999 72.118698 101.396
130.364 72.193001 99.844704
124.676 72.899002 93.558998
118.334 74.456001 86.622498
115.39 75.476997 83.432999
108.613 78.058899 76.1082
100.798 82.098701 67.761597
98.329498 91.606697 65.9067
97.837997 95.902 65.763901
95.970901 98.256203 63.901798
88.739799 97.836098 55.785702
85.883797 98.666199 52.6744
134.668 72.128098 103.652
127.42 72.767899 95.625702
106.472 79.452904 72.8843
104.801 80.241402 71.094299
91.776901 96.5924 58.1008
89.878899 95.718498 55.901402
83.611702 99.679497 49.282001
80.639603 100.273 46.021
75.237396 102.18 40.174
72.701797 103.345 37.453999
70.130096 104.428 34.686798
67.477203 105.356 31.815201
151.72301 72.781799 121.722
148.687 72.210899 118.287
144.481 72.022598 113.582
140.567 72.131699 109.231
129.35201 72.806702 96.797203
124.617 73.483597 91.5849
122.603 73.939796 89.382202
112.528 77.208504 78.459801
110.73 77.862701 76.516602
99.632004 84.162598 64.738098
98.661003 85.882301 63.815498
97.7547 89.544899 63.145599
97.589798 96.154701 63.577099
97.303398 100.774 63.688499
93.336304 98.204399 59.029202
78.445099 101.347 42.728401
154.866 74.112297 124.324
147.86099 72.483902 116.378
143.666 72.294098 111.691
137.492 72.651604 104.853
133.709 72.826599 100.659
132.308 72.900398 99.105698
126.484 73.457603 92.676697
120.124 75.014099 85.739998
117.116 75.962799 82.4804
108.587 79.266899 73.291801
103.209 81.741898 67.535103
97.4795 93.491302 62.2416
94.910103 99.831497 59.965599
89.750603 97.371696 53.997299
87.8554 99.617996 52.094101
140.567 72.817001 107.288
114.724 77.094101 78.948799
105.462 81.149696 69.023102
99.744598 101.087 64.488197
85.479698 100.488 48.575802
82.595398 101.229 45.436401
76.9786 102.838 39.34
74.435501 104.002 36.618599
71.856499 105.085 33.851299
69.336502 106.235 31.1549
63.766602 99.369904 24.335899
154.149 73.973999 121.469
151.159 73.472702 118.105
146.742 73.052902 113.162
142.74699 73.083397 108.729
137.55701 73.408501 102.996
131.54201 73.822601 96.3545
124.647 74.805099 88.7883
112.511 78.435303 75.640701
101.947 83.677002 64.384804
99.272797 86.718498 61.6903
98.458397 88.657402 60.9613
97.444099 92.177299 60.154202
97.0298 101.593 60.545502
92.711304 100.385 55.641102
91.319 100.246 54.083599
80.299202 102.16 42.020599
157.506 75.543198 124.313
150.075 73.444603 115.885
145.798 73.175102 111.117
139.539 73.453499 104.2
135.74001 73.6259 100.003
134.33299 73.698799 98.448601
130.703 74.012901 94.450798
128.54601 74.325897 92.085999
121.989 75.6614 84.933601
118.972 76.609596 81.673599
110.363 79.841301 72.415001
107.58 80.974503 69.4291
104.918 82.244598 66.591003
96.049301 101.424 58.474098
88.6698 100.745 50.228802
155.946 74.976799 121.51
142.565 73.547798 106.562
124.548 75.329803 86.760696
116.462 77.596298 78.005402
112.479 79.021301 73.718597
98.330803 89.080399 58.939301
98.492401 97.377502 59.854599
98.928497 99.8797 60.560001
94.764603 102.068 56.1413
90.837898 101.386 51.730099
87.4618 101.456 47.9972
84.416496 101.972 44.668999
78.926697 103.802 38.751099
76.374901 104.967 36.026199
73.881897 106.198 33.374401
153.19901 74.213303 117.382
148.701 73.714302 112.362
144.69299 73.742302 107.929
139.362 73.916397 102.047
133.21001 74.181 95.263397
128.38499 74.7808 89.976601
121.95 76.257103 82.986298
118.936 77.2024 79.734596
110.279 80.352898 70.432602
102.35 84.227303 62.000401
100.958 85.364304 60.560299
97.838898 90.846703 57.591301
98.8526 102.274 59.717499
86.466003 101.215 45.919399
82.459503 103.425 41.679798
159.77 76.523399 123.83
152.23801 74.336098 115.315
141.717 74.410202 103.694
137.96201 74.653198 99.565697
136.548 74.7248 98.008797
130.5 75.052696 91.352898
127.024 75.502998 87.551102
123.749 76.166702 83.988998
114.731 78.987 74.2696
108.143 81.7491 67.228996
105.589 83.161903 64.527496
99.381104 87.4599 58.042801
98.668701 96.3526 58.0294
74.692101 108.007 32.546101
158.07201 75.801598 120.868
121.271 77.235703 80.368202
118.263 78.175797 77.129097
112.578 80.3955 71.043999
104.459 84.061996 62.397499
99.376801 98.595901 58.041199
97.105698 103.509 55.958199
93.569901 103.421 52.0462
92.019897 103.049 50.303699
89.7089 102.806 47.732399
85.379799 103.322 42.997299
81.130997 105.146 38.465
78.420303 106.086 35.554001
155.44099 75.186798 116.892
150.92101 74.6819 111.866
149.33501 74.606598 110.111
146.77 74.556099 107.278
145.326 74.630203 105.692
141.41901 74.726196 101.392
135.302 75.060204 94.676201
133.899 75.130203 93.135201
130.45599 75.657204 89.384003
114.701 79.576401 72.348099
110.216 81.504898 67.568398
101.418 85.987999 58.2491
98.809402 90.333298 55.745499
98.635696 95.035797 55.954201
99.422302 103.043 57.504902
96.076897 103.262 53.8353
83.570099 104.999 40.193298
76.922798 108.191 33.137798
161.96201 77.415703 123.254
154.45799 75.292297 114.811
143.582 74.982803 102.807
139.754 75.150101 98.605904
138.336 75.221298 97.049797
132.328 75.621201 90.467102
128.89999 76.144096 86.7351
125.556 76.733803 83.102501
121.164 77.743202 78.351402
118.103 78.607803 75.054199
112.425 80.822197 68.987099
108.069 82.883003 64.364502
100.337 86.937202 56.190899
99.485901 97.480598 56.145401
91.681 104.401 48.134399
88.551498 104.834 44.724899
83.649803 102.571 39.1357
82.000397 101.982 37.2682
80.393402 102.705 35.560799
82.047897 107.105 37.754299
80.236801 107.522 35.794201
160.42999 76.902802 120.511
122.999 77.714302 79.402199
120.039 78.727898 76.2314
116.986 79.586899 72.945396
104.995 84.805801 60.1912
103.387 85.652603 58.493198
98.905899 89.231102 53.863201
95.457901 104.227 51.325298
87.7416 104.871 42.8904
82.083099 104.599 36.642899
157.248 75.655502 115.899
152.524 74.9226 110.647
150.87199 74.772003 108.819
148.30099 74.722 105.991
146.79201 74.721603 104.331
131.72099 75.531998 87.838799
128.36 76.127403 84.196701
125.084 76.7892 80.650597
110.576 82.020599 65.142899
107.907 83.2892 62.315399
98.727303 93.288597 53.057098
100.928 101.393 56.1478
93.338203 105.534 48.1502
85.871498 104.584 39.8671
163.261 77.272102 121.623
155.68201 75.078598 113.126
144.49001 74.4039 100.787
143.05901 74.477798 99.221802
140.603 74.501198 96.529503
139.125 74.499901 94.907402
136.815 74.669403 92.3853
135.35201 74.667099 90.779198
122.08 77.1856 76.419701
120.201 77.773499 74.405602
116.148 79.128502 70.067703
114.401 79.851501 68.210297
102.809 85.472801 55.949001
101.262 86.387299 54.326
100.419 96.913803 54.2635
92.309998 105.269 46.048801
85.047203 107.748 38.2813
82.213203 108.535 35.235001
80.1716 107.328 32.8964
161.466 76.455803 118.575
106.802 83.630302 59.23
99.8349 88.681099 52.001999
99.834801 95.459602 52.552799
101.129 100.407 54.372501
99.418198 102.982 52.707802
95.829803 104.72 48.913898
90.313103 104.831 42.875702
88.478996 104.006 40.797298
86.7379 106.461 39.088402
86.416 109.147 38.953602
158.931 75.975998 114.75
154.132 75.166901 109.429
152.476 75.016296 107.603
149.899 74.9664 104.778
148.386 74.966202 103.122
134.383 75.340897 87.817703
130.83299 75.7201 83.960999
127.543 76.3862 80.412903
124.337 77.117996 76.959503
120.139 78.339203 72.461502
118.325 78.994904 70.527496
112.715 81.275002 64.567497
110.041 82.547501 61.740898
104.888 85.285103 56.319401
99.137299 91.998001 50.561298
99.306801 94.088203 50.9156
87.326202 111.763 39.216
82.248802 107.26 33.2952
165.89101 78.677002 121.572
163.32001 77.515701 118.667
158.07201 76.235497 112.824
146.698 75.3964 100.317
145.13699 75.320198 98.603401
142.673 75.341698 95.909599
141.189 75.339401 94.286102
138.689 75.285599 91.547501
137.28101 75.3564 90.012703
133.589 75.591301 85.994301
114.928 80.592796 65.980499
101.947 87.334801 52.319401
100.959 98.901703 52.1586
99.056 103.064 50.407001
95.216202 105.685 46.416199
88.942398 106.54 39.622299
155.88901 76.139503 109.427
154.226 75.9869 107.597
130.76199 76.296303 81.987701
127.477 76.959602 78.450699
124.273 77.688599 75.007202
122.389 78.277 72.994202
107.384 84.438499 57.087299
104.789 85.764297 54.355999
100.573 89.7024 50.0592
101.82 101.364 52.339298
98.125504 104.224 48.529598
91.4095 104.495 41.212502
89.504303 108.618 39.4562
165.118 78.504799 118.681
161.601 77.4478 114.761
152.38699 76.269203 104.613
150.80299 76.191704 102.878
136.429 76.181099 87.191803
132.86501 76.558403 83.332397
129.448 77.076797 79.644203
126.231 77.807899 76.190498
120.032 79.466499 69.554604
117.102 80.465797 66.434799
113.3 82.089798 62.411598
110.679 83.432602 59.656101
103.919 87.008301 52.5588
100.125 91.524696 48.769299
95.0718 106.068 44.387901
89.146797 110.596 38.274899
82.631699 107.749 30.9431
168.41499 79.943802 121.368
160.61301 77.560204 112.681
149.05 76.552101 99.999702
147.543 76.548698 98.3564
145.004 76.492401 95.584702
143.51199 76.488297 93.958099
141.061 76.505501 91.2873
139.58501 76.500504 89.678596
115.108 82.080002 63.427601
109.644 84.4729 57.656601
106.933 85.656601 54.7925
101.587 97.898499 49.908199
101.364 102.572 50.026699
96.9478 106.263 45.497299
91.121101 104.656 39.021999
166.939 79.512299 118.707
163.539 78.602303 114.934
158.491 77.544502 109.358
156.817 77.388901 107.525
124.459 79.199097 72.432701
112.958 83.469398 60.236
102.706 88.989799 49.495998
102.347 100.209 49.9594
98.670403 104.963 46.318802
90.568497 106.332 37.602901
86.948303 107.877 33.778999
170.321 81.0392 121.48
154.784 77.449203 104.314
153.192 77.369598 102.576
138.683 77.266197 86.790199
137.278 77.333099 85.266602
135.103 77.640297 82.9254
131.612 78.082603 79.1623
128.26601 78.665497 75.567101
122.044 80.322304 68.925903
119.103 81.321297 65.802902
105.61 87.501999 51.596199
101.18 91.142502 47.0536
101.328 96.274101 47.6003
95.668503 104.992 42.103199
92.1726 103.02 38.152599
89.448799 109.061 35.646198
84.401001 106.542 29.9674
168.97301 80.7603 118.971
163.05901 78.757301 112.397
151.30701 77.580101 99.5448
149.793 77.574799 97.900299
147.241 77.515701 95.124603
145.742 77.509903 93.4963
143.21899 77.449997 90.749397
141.797 77.517799 89.210899
116.772 82.501198 62.400002
111.35 84.967903 56.694801
108.686 86.2248 53.8941
102.431 102.179 48.290798
98.120903 106.02 43.8946
86.9375 106.543 31.786301
165.93401 79.729897 114.576
160.925 78.739304 109.068
159.177 78.504601 107.156
134.98801 78.160004 80.887497
131.618 78.746597 77.2742
126.318 79.840897 71.604599
121.999 80.903603 66.997597
114.672 83.965302 59.2742
103.151 89.5951 47.189499
101.15 104.718 46.1329
91.683296 106.018 35.9585
89.129204 107.267 33.279202
170.882 81.859001 119.078
157.198 78.639397 104.014
155.597 78.557198 102.274
140.832 78.211304 86.248398
137.17599 78.508797 82.308899
133.612 78.875099 78.4739
130.25301 79.456497 74.876404
123.839 80.891899 68.029999
120.889 81.8909 64.907097
107.308 88.000504 50.633598
102.045 92.333099 45.247002
101.706 94.928596 45.067799
103.733 99.6399 47.6082
92.978104 104.136 36.281101
168.028 81.054604 114.909
165.98199 80.503403 112.654
162.729 79.745201 109.079
153.76601 78.841904 99.312599
152.17999 78.759102 97.5905
149.67799 78.771599 94.8825
148.17101 78.763802 93.2509
145.633 78.699898 90.499496
144.142 78.691498 88.885101
118.664 83.218498 61.633999
113.116 85.539597 55.7966
110.499 86.870003 53.059399
105.245 89.432602 47.557201
103.679 103.917 46.905602
99.084503 105.478 42.0457
95.400902 102.023 37.8092
91.557404 106.412 33.9659
89.267303 106.16 31.4685
173.004 83.199097 119.425
161.87601 80.011299 107.167
128.242 80.560402 70.843903
116.394 84.464996 58.311699
102.078 106.003 44.367699
169.866 82.075104 114.932
167.81 81.520203 112.672
164.54201 80.756203 109.091
159.756 79.990303 103.867
158.145 79.905403 102.123
143.11301 79.311798 85.848099
141.633 79.301498 84.249496
139.32001 79.457001 81.762802
135.74001 79.820801 77.922997
132.25 80.252602 74.184898
125.756 81.612396 67.266998
122.684 82.4645 64.0103
109.065 88.575996 49.7342
104.194 91.635399 44.688599
98.786201 103.761 39.702999
95.275497 103.674 35.905499
156.04601 79.881401 98.856102
154.452 79.7966 97.1315
151.812 79.655403 94.273903
150.237 79.570801 92.568604
147.564 79.3545 89.672302
146.069 79.345001 88.057899
138.466 79.636002 79.878197
134.897 79.997597 76.053596
120.45 83.790703 60.735001
114.942 86.185501 54.9604
112.263 87.443298 52.158298
106.995 90.006897 46.654499
103.085 94.373802 42.7416
104.694 98.476601 44.7617
106.067 103.519 46.594101
97.699303 101.556 37.432499
93.953499 106.102 33.7075
163.601 80.365997 106.034
131.55299 80.026299 71.484802
129.47301 80.394096 69.2686
125.25 81.603699 64.802002
122.354 82.673203 61.756802
119.586 83.880798 58.857498
116.777 85.006401 55.909
114.092 86.269897 53.101799
111.419 87.524696 50.309101
108.812 88.844101 47.591202
103.817 104.692 43.299301
96.831596 101.534 35.556702
171.67599 82.507202 113.864
169.479 81.795502 111.452
166.071 80.876198 107.722
161.27299 80.110802 102.507
159.59599 79.949898 100.691
144.049 78.762497 83.881699
142.63 78.827904 82.359703
128.588 80.492996 67.361702
106.531 89.978302 44.270599
105.192 91.177498 42.911201
107.037 100.513 45.531502
96.022102 102.834 33.834801
157.55499 80.001198 97.502701
155.894 79.840698 95.707802
153.187 79.624397 92.782501
151.60899 79.5401 91.081902
148.933 79.324799 88.190201
147.43401 79.315804 86.578796
140.989 79.248596 79.647903
137.405 79.614304 75.819603
133.96899 80.121696 72.160797
127.407 81.410797 65.195
124.389 82.337502 62.012402
121.557 83.475197 59.0448
118.795 84.677696 56.157501
110.807 88.526001 47.830002
106.613 104.264 44.377499
95.362396 101.24 32.082699
173.45 83.447403 113.801
171.311 82.809502 111.463
168.08701 82.116402 107.955
166.17999 81.718597 105.881
163.134 81.187698 102.577
145.83299 79.814102 83.912804
131.105 80.737801 68.161499
116.691 86.133202 53.045502
114.063 87.464897 50.311401
108.679 89.8834 44.6926
104.61 94.029099 40.598801
107.028 99.248299 43.540199
105.627 105.356 42.440899
98.032799 99.499298 33.9006
175.05499 84.744499 114.591
162.28101 81.448303 100.677
159.39799 81.073303 97.560997
154.94701 80.613998 92.759201
150.73801 80.384201 88.2295
142.75999 80.297897 79.669998
106.932 91.745598 42.001301
97.575897 98.213303 32.3909
173.49001 84.220398 111.862
169.979 83.207703 108.036
167.996 82.728897 105.882
164.937 82.1931 102.571
139.653 80.702003 75.394699
138.25101 80.762299 73.897102
136.02499 80.985001 71.525703
129.437 82.271004 64.554001
126.407 83.197098 61.368401
123.453 84.188301 58.267899
120.627 85.317497 55.3144
112.616 89.167397 46.983601
110.032 105.307 45.257702
176.84399 85.694702 114.53
161.315 82.227501 97.695396
156.84399 81.760803 92.8815
152.48801 81.373398 88.197899
148.308 81.138298 83.711998
146.814 81.125504 82.111504
133.383 81.895401 67.791702
118.518 86.774803 52.201
115.827 88.033798 49.402901
110.645 90.7463 44.031502
107.336 105.872 41.455898
104.947 104.358 38.804298
97.540199 96.905098 30.4048
175.681 85.640099 112.264
172.08299 84.539497 108.349
170.09 84.055801 106.188
166.94701 83.435799 102.792
160.46899 82.486397 95.810501
145.21899 81.619598 79.459702
143.798 81.679703 77.945297
141.42 81.753899 75.409302
108.947 92.685303 41.3988
106.882 94.7211 39.319901
108.674 99.052101 41.506699
109.829 105.632 43.1563
179.05299 87.122398 114.939
165.952 83.5383 100.733
156.892 82.514801 91.000801
154.245 82.364403 88.165604
150.233 82.350601 83.883003
138.32401 82.147598 71.160004
131.59 83.281403 64.043503
128.49001 84.132896 60.787899
125.581 85.196999 57.7495
122.688 86.252701 54.7271
114.594 90.030403 46.3232
177.737 86.900299 112.505
171.914 85.067802 106.184
168.82401 84.520203 102.858
164.00301 83.729401 97.668503
159.373 83.100197 92.695
153.411 82.6138 86.308701
135.604 82.976898 67.3489
120.565 87.705299 51.605202
117.864 88.9646 48.804001
112.501 91.457703 43.239201
111.028 104.184 42.448299
108.23 105.239 39.531502
104.565 101.925 35.4207
181.19299 88.468498 115.265
174.97 86.220001 108.502
167.82001 84.617798 100.792
163.07899 83.904297 95.700104
155.99699 83.3498 88.126297
147.737 83.009399 79.310097
146.186 82.917198 77.652
143.674 82.838501 74.973396
142.19901 82.821098 73.401199
109.748 93.788803 39.5112
108.67 95.356697 38.458302
103.82 100.246 33.589901
179.524 87.845901 112.432
159.411 83.846802 90.803101
152.65199 83.595901 83.599297
151.08 83.502899 81.922401
140.679 83.375298 70.8517
139.276 83.430603 69.362198
133.677 84.206703 63.4552
130.45 84.909401 60.064201
127.474 85.899597 56.958099
124.629 87.028801 53.998901
116.564 90.881203 45.6511
110.678 99.360703 39.897301
176.744 87.161102 108.423
174.661 86.589302 106.175
171.483 85.955902 102.763
166.49899 84.999397 97.411499
161.84399 84.361298 92.429001
155.912 83.940903 86.102303
137.76801 83.980598 66.831001
122.499 88.483002 50.874901
119.901 89.890297 48.198299
114.573 92.457703 42.689201
112.007 93.8396 40.044899
111.399 104.69 40.036499
106.916 101.508 35.087502
184.286 90.341797 115.598
182.155 89.754501 113.302
158.64101 84.837196 88.067398
154.46201 84.659302 83.623802
150.392 84.556702 79.2985
148.76801 84.385902 77.565804
146.241 84.302597 74.8797
144.696 84.207199 73.235802
110.515 96.066597 37.654701
106.058 99.681 33.1348
178.871 88.503197 108.732
176.843 88.005096 106.555
173.64799 87.364197 103.131
168.769 86.5513 97.913002
164.08501 85.902 92.912697
143.108 84.686302 70.611504
141.636 84.664803 69.051102
135.77499 85.138 62.865898
132.534 85.838898 59.471901
129.49001 86.754601 56.2962
126.634 87.883698 53.334599
118.597 91.811302 45.0411
112.772 95.4991 39.078602
172.767 87.616302 101.206
167.834 86.724701 95.934799
163.23 86.151802 91.028702
160.47701 85.911697 88.101898
156.28 85.728104 83.649002
140.00301 85.065399 66.379601
124.554 89.414001 50.271099
121.835 90.674004 47.463902
116.49 93.241997 41.950802
113.176 100.347 38.843102
113.836 104.348 39.767502
187.75999 92.636101 116.335
185.185 91.555603 113.552
180.733 89.534302 108.732
159.37601 85.853203 85.945801
155.132 85.593201 81.443604
152.439 85.355301 78.584503
150.871 85.2584 76.920799
148.27299 85.097 74.163597
146.72099 85.000397 72.517998
112.422 96.855301 36.911999
112.816 104.169 37.734901
179.34 89.222397 106.235
175.923 88.338402 102.578
170.819 87.284302 97.129501
165.92101 86.397797 91.907097
144.392 84.572197 69.071198
139.334 84.891098 63.7463
135.95599 85.448402 60.209
132.836 86.295403 56.9594
129.907 87.3563 53.925701
126.996 88.4086 50.9076
124.212 89.600502 48.033501
121.553 90.931602 45.298401
118.907 92.253998 42.5756
116.325 93.641899 39.925999
114.806 94.625504 38.375099
182.76801 90.772102 108.939
174.802 88.325203 100.403
169.717 87.273201 94.982101
165.097 86.697998 90.077301
162.207 86.302498 87.007103
157.744 85.811897 82.272903
143.444 84.640701 67.122803
141.138 84.779198 64.698799
115.455 101.647 38.515499
112.543 102.558 35.493401
190.61 94.2276 116.388
188.373 93.5439 113.994
181.48199 90.594902 106.576
177.91 89.544502 102.755
172.715 88.402199 97.219803
167.86 87.585602 92.059303
154.244 85.870903 77.6213
152.67101 85.773399 75.958504
150.002 85.535698 73.132896
148.44701 85.438599 71.488602
138.623 85.876602 61.161301
135.312 86.502998 57.703999
132.254 87.419197 54.5308
129.388 88.549301 51.570599
126.65 89.818802 48.753601
123.925 91.079803 45.947899
121.323 92.480499 43.281101
118.512 93.575699 40.3764
114.668 98.120003 36.569
114.657 103.021 36.817299
192.181 95.462097 117.095
184.78999 91.994698 109.134
176.989 89.767601 100.805
171.87601 88.704002 95.366203
167.033 87.886497 90.226501
164.19501 87.5634 87.222099
159.711 87.065498 82.475502
146.76199 85.819099 68.781097
117.32 96.241997 38.3367
190.282 94.6203 114.042
183.918 92.297501 107.231
180.32201 91.235901 103.394
174.95799 89.921204 97.686699
169.94299 88.937103 92.362396
156.19501 87.120697 77.813004
151.87 86.702698 73.2453
143.73399 86.324303 64.669701
142.265 86.300003 63.123699
117.006 100.108 37.2808
113.313 101.79 33.4832
187.744 94.277199 110.349
179.19 91.2202 101.209
174.048 90.144699 95.7537
166.325 88.987999 87.584999
161.754 88.404198 82.752502
151.02699 86.923302 71.410896
140.85001 86.974297 60.724899
137.463 87.524696 57.1973
134.395 88.440598 54.020302
131.517 89.571098 51.055901
128.77 90.841599 48.235001
126.091 92.177803 45.4902
123.479 93.579903 42.818199
120.712 94.749802 39.971199
192.70599 96.276497 114.649
185.94901 93.5289 107.423
182.26601 92.379402 103.501
176.877 91.054901 97.781197
172.039 90.2976 92.668198
158.158 88.378403 78.007698
153.75 87.877197 73.359001
149.457 87.455299 68.833397
147.90601 87.354401 67.200897
119.742 97.723701 38.1745
117.855 101.9 36.4039
116.598 103.255 35.154099
180.99001 92.203697 101.159
175.896 91.199501 95.770798
171.14 90.521103 90.7528
168.207 90.110001 87.658897
163.679 89.596703 82.888496
146.289 87.807899 64.576599
144.811 87.781403 63.026798
122.411 95.8368 39.951
189.862 95.046097 109.589
160.00301 89.490196 78.063202
155.576 88.982597 73.404701
151.265 88.554604 68.870598
143.33 88.382202 60.556499
139.808 88.780197 56.888699
136.66701 89.620598 53.641201
133.778 90.751404 50.6717
131.076 92.097702 47.908901
128.5 93.584602 45.284901
125.933 95.062698 42.670601
120.432 99.289597 37.116501
188.49699 94.793503 107.137
184.86301 93.716301 103.286
182.882 93.283203 101.194
179.649 92.619102 97.782204
177.83299 92.350197 95.869904
174.84801 91.930397 92.728699
173.056 91.664001 90.841499
170.241 91.405098 87.887299
165.69099 90.883797 83.104401
123.17 97.4869 38.959999
120.088 101.283 35.919102
118.264 103.711 34.129299
191.918 96.252998 109.716
164.916 91.199097 81.284897
162.033 90.786301 78.255501
157.519 90.191803 73.514603
153.186 89.755302 68.967903
149.02499 89.473198 64.610199
147.537 89.443199 63.055901
145.151 89.4935 60.567101
141.55299 89.811996 56.8256
131.759 93.610298 46.776798
129.17799 95.094498 44.151798
126.665 96.645103 41.598801
125.062 97.563004 39.9688
122.842 99.476303 37.740601
190.655 96.093201 107.326
187.06799 95.085403 103.54
185.005 94.565697 101.364
181.75301 93.892502 97.9422
179.856 93.539101 95.949699
176.855 93.112099 92.800201
175.121 92.920403 90.981796
172.22301 92.575996 87.945503
170.50999 92.385803 86.149696
167.64799 92.044098 83.150299
139.127 90.976402 53.362099
136.28101 92.180901 50.449501
133.565 93.526802 47.679199
130.976 95.014198 45.048199
128.569 96.718903 42.615101
193.877 97.315804 109.675
164.29201 92.325699 78.6427
159.62 91.562897 73.744698
155.19701 91.038101 69.114601
150.888 90.593498 64.608299
143.32001 90.843697 56.7379
127.106 99.042702 40.2229
124.65 100.656 37.738201
122.09 102.109 35.137798
119.816 103.934 32.853401
192.964 97.559502 107.671
189.567 96.783699 104.104
187.62801 96.418602 102.072
184.351 95.733002 98.634399
182.44099 95.372299 96.632202
179.416 94.934799 93.4683
177.60001 94.6577 91.567001
174.683 94.303902 88.517502
172.95599 94.108498 86.713097
170.008 93.678596 83.628899
168.30299 93.484703 81.847504
147.981 91.239799 60.614601
146.55701 91.280403 59.136002
141 92.155602 53.396702
138.142 93.358597 50.4767
135.297 94.552803 47.5723
132.757 96.115898 44.998798
130.513 98.048798 42.7509
166.69099 94.028297 79.174202
165.002 93.833199 77.410202
162.11501 93.405296 74.394897
160.382 93.134201 72.583099
157.46899 92.633102 69.536301
153.007 92.022003 64.876099
145.151 91.951797 56.715199
128.985 100.3 40.2878
191.50301 97.834602 104.046
189.554 97.465103 102.01
186.401 96.9338 98.717003
184.55 96.6492 96.785202
181.577 96.284401 93.686699
179.886 96.162903 91.928802
176.95 95.800598 88.869003
175.213 95.600197 87.058403
172.245 95.161697 83.962402
170.52901 94.962997 82.175102
149.89301 92.431602 60.666599
142.758 93.184799 53.299198
136.05299 96.138199 46.470001
134.60001 97.294601 45.011501
131.259 99.630096 41.644699
126.942 101.857 37.263802
124.201 103.082 34.472198
157.33 93.108902 67.404404
152.871 92.492203 62.760201
148.83299 92.338699 58.572498
140.315 94.330803 49.833302
129.84 102.032 39.304001
123.153 102.881 32.412399
193.58701 99.050499 104.141
191.627 98.675697 102.099
186.664 97.928703 96.936203
183.604 97.4757 93.7537
181.76601 97.189102 91.841698
178.74699 96.740402 88.7005
177.002 96.536598 86.886398
169.021 95.054497 78.573303
167.255 94.776901 76.735397
164.222 94.1856 73.575401
162.41499 93.832901 71.691498
159.48801 93.325996 68.642799
155.00301 92.706497 63.979599
146.927 92.395103 55.615799
142.505 93.486099 51.085499
133.603 99.648697 42.127499
126.647 102.057 35.031898
175.009 96.676697 83.804901
173.214 96.393097 81.939301
151.68401 92.877602 59.564098
144.58299 93.699303 52.2617
138.838 96.090698 46.4231
136.45799 97.882004 44.0355
132.937 103.053 40.602798
128.95 102.673 36.469101
125.176 102.522 32.564701
185.752 98.826698 93.987999
183.974 98.6166 92.146103
181.006 98.241302 89.069
171.287 96.608398 78.979301
166.524 95.804497 74.033096
161.82201 95.008698 69.152397
157.17999 94.221001 64.334099
148.935 93.738403 55.8083
142.59801 95.459801 49.338299
135.90601 101.455 42.666302
177.284 98.241096 84.245499
153.82401 94.386002 59.924801
146.442 94.892601 52.3368
140.73399 97.360497 46.549301
138.52299 99.384598 44.347301
134.933 104.492 40.841999
183.10001 99.572899 89.300598
171.88 98.0326 77.694298
164.01401 96.538002 69.541199
144.325 96.498199 49.274101
131.509 104.282 36.370899
129.612 103.6 34.3932
187.073 100.544 92.431297
142.45599 98.402901 46.480099
140.239 100.43 44.274101
136.701 105.626 40.8251
